Please enter which part(s) you want to submit (0-6): 0
Submitting: 
Prob-01: 280 or better
284.23 0
0 2 3 8 7 0
0 1 6 14 13 4 15 0
0 11 9 10 5 12 0

Submitting: 
607.65 0
0 19 15 0
0 3 0
0 9 8 11 12 0
0 7 5 17 0
0 24 18 22 0
0 14 6 1 23 0
0 2 4 25 10 0
0 16 13 21 20 0

Submitting: 
Prob-03:540 or better. 
586.14 0
0 43 24 14 18 4 47 12 0
0 46 38 49 9 34 30 10 39 33 45 15 17 0
0 11 16 50 21 29 35 20 2 22 1 32 0
0 6 23 7 26 31 28 3 36 8 48 27 0
0 25 13 41 40 19 42 44 37 5 0

Submitting: 
Prob-04:830 or better
937.01 0
0 75 1 99 100 97 93 92 94 95 96 0
0 91 89 88 84 85 98 2 5 0
0 79 77 80 57 55 44 45 46 48 51 50 52 49 47 43 0
0 32 33 31 35 37 38 39 36 34 0
0 13 17 18 19 15 16 14 12 10 0
0 81 73 70 71 76 78 82 83 86 87 90 0
0 68 54 53 56 58 60 59 40 42 41 0
0 7 8 11 9 6 4 3 0
0 65 63 66 69 64 61 72 74 62 67 0
0 20 22 25 24 27 29 30 28 26 23 21 0

Submitting:Prob-05: 1400 or better. 
1593.76 0
0 134 65 66 90 64 49 143 47 168 48 0
0 172 15 43 142 14 38 44 141 86 113 36 82 0
0 70 122 30 131 32 181 63 126 11 175 107 19 123 124 46 0
0 73 171 74 72 197 186 23 67 39 179 0
0 12 150 68 121 29 169 34 9 188 20 128 160 0
0 198 110 155 4 130 54 163 24 165 55 25 170 187 139 56 21 0
0 59 87 144 57 2 178 115 145 41 22 133 75 0
0 50 102 157 120 135 35 136 71 161 103 51 0
0 183 96 104 99 93 85 193 191 192 100 95 0
0 18 114 8 174 125 45 84 173 119 140 16 61 5 0
0 52 153 106 194 182 148 62 159 108 189 10 0
0 76 116 77 158 3 79 185 33 81 164 78 129 111 0
0 28 154 138 184 196 80 177 109 195 149 26 0
0 27 167 69 132 176 1 101 162 31 190 127 88 7 146 0
0 53 105 180 40 152 58 137 42 37 98 92 151 97 117 13 0
0 156 112 89 166 60 118 83 199 17 91 94 6 147 0

Submitting: Prob-06:2000 or better. 
2245.31 0
0 0
0 0
0 0
0 343 369 368 367 384 379 366 319 0
0 251 360 378 306 324 246 398 0
0 255 256 315 374 375 311 419 371 376 316 239 0
0 325 380 385 386 387 392 307 267 326 361 383 0
0 188 248 340 399 400 308 395 394 335 0
0 223 189 249 348 407 408 309 403 402 0
0 231 190 250 310 416 370 411 406 0
0 265 207 187 272 331 390 391 332 247 327 266 0
0 126 186 264 323 382 373 322 263 259 318 377 0
0 127 212 271 330 381 362 393 334 275 280 339 0
0 128 220 279 338 389 363 401 342 283 288 347 0
0 129 228 287 346 397 364 409 410 351 356 415 0
0 130 236 295 354 405 365 414 355 296 291 350 0
0 76 131 196 191 299 358 417 418 359 135 0
0 197 240 257 312 300 372 317 258 199 204 79 0
0 138 198 139 66 144 203 262 313 301 320 205 0
0 87 146 67 211 270 321 302 388 333 274 215 0
0 95 154 68 160 219 278 329 303 396 341 282 0
0 103 162 69 168 227 286 337 304 404 349 290 0
0 111 170 70 176 235 294 345 305 412 357 298 0
0 15 11 119 178 71 136 195 254 353 314 413 0
0 23 6 84 143 253 202 241 206 147 152 92 0
0 31 7 151 261 210 242 328 273 214 155 35 0
0 39 8 100 159 269 218 243 336 281 222 163 0
0 47 9 108 167 277 226 244 344 289 230 171 0
0 55 10 116 175 285 234 245 352 297 238 179 0
0 80 25 61 26 27 32 91 150 201 182 268 213 0
0 88 33 62 34 40 99 158 209 183 276 221 0
0 96 41 63 42 43 48 107 166 217 184 284 229 0
0 104 49 64 50 51 56 115 174 225 185 292 237 0
0 112 57 65 58 59 16 75 134 233 180 293 194 0
0 12 72 17 60 18 19 24 83 142 193 181 260 0
0 20 1 13 73 22 133 82 121 140 85 86 145 200 0
0 28 2 21 81 30 141 90 122 148 93 94 153 208 0
0 36 3 29 89 38 149 98 123 156 101 102 161 216 0
0 44 4 37 97 46 157 106 124 164 109 110 169 224 0
0 52 5 45 105 54 165 114 125 172 117 118 177 232 0
0 420 53 113 14 173 74 120 132 77 78 137 192 252 0


== Computations Complete ...