2245.31 0
0 0
0 0
0 0
0 343 369 368 367 384 379 366 319 0
0 251 360 378 306 324 246 398 0
0 255 256 315 374 375 311 419 371 376 316 239 0
0 325 380 385 386 387 392 307 267 326 361 383 0
0 188 248 340 399 400 308 395 394 335 0
0 223 189 249 348 407 408 309 403 402 0
0 231 190 250 310 416 370 411 406 0
0 265 207 187 272 331 390 391 332 247 327 266 0
0 126 186 264 323 382 373 322 263 259 318 377 0
0 127 212 271 330 381 362 393 334 275 280 339 0
0 128 220 279 338 389 363 401 342 283 288 347 0
0 129 228 287 346 397 364 409 410 351 356 415 0
0 130 236 295 354 405 365 414 355 296 291 350 0
0 76 131 196 191 299 358 417 418 359 135 0
0 197 240 257 312 300 372 317 258 199 204 79 0
0 138 198 139 66 144 203 262 313 301 320 205 0
0 87 146 67 211 270 321 302 388 333 274 215 0
0 95 154 68 160 219 278 329 303 396 341 282 0
0 103 162 69 168 227 286 337 304 404 349 290 0
0 111 170 70 176 235 294 345 305 412 357 298 0
0 15 11 119 178 71 136 195 254 353 314 413 0
0 23 6 84 143 253 202 241 206 147 152 92 0
0 31 7 151 261 210 242 328 273 214 155 35 0
0 39 8 100 159 269 218 243 336 281 222 163 0
0 47 9 108 167 277 226 244 344 289 230 171 0
0 55 10 116 175 285 234 245 352 297 238 179 0
0 80 25 61 26 27 32 91 150 201 182 268 213 0
0 88 33 62 34 40 99 158 209 183 276 221 0
0 96 41 63 42 43 48 107 166 217 184 284 229 0
0 104 49 64 50 51 56 115 174 225 185 292 237 0
0 112 57 65 58 59 16 75 134 233 180 293 194 0
0 12 72 17 60 18 19 24 83 142 193 181 260 0
0 20 1 13 73 22 133 82 121 140 85 86 145 200 0
0 28 2 21 81 30 141 90 122 148 93 94 153 208 0
0 36 3 29 89 38 149 98 123 156 101 102 161 216 0
0 44 4 37 97 46 157 106 124 164 109 110 169 224 0
0 52 5 45 105 54 165 114 125 172 117 118 177 232 0
0 420 53 113 14 173 74 120 132 77 78 137 192 252 0

