574
1.91609e+01 2.07689e+01
1.85260e+01 2.14039e+01
1.82721e+01 2.16580e+01
1.81449e+01 2.22930e+01
1.87410e+01 2.15699e+01
1.95029e+01 2.09350e+01
2.00109e+01 2.09350e+01
2.05189e+01 2.11891e+01
2.08119e+01 2.11500e+01
2.08119e+01 2.19119e+01
2.15350e+01 2.19510e+01
2.22971e+01 2.25859e+01
2.33131e+01 2.14430e+01
2.30980e+01 2.14039e+01
2.25900e+01 2.14039e+01
2.23359e+01 2.14039e+01
2.20820e+01 2.14039e+01
2.14471e+01 2.08961e+01
2.16619e+01 2.08080e+01
2.22971e+01 2.04270e+01
2.25510e+01 2.04270e+01
2.35670e+01 2.06811e+01
2.43680e+01 2.14039e+01
2.38211e+01 2.14430e+01
2.40750e+01 2.06811e+01
2.43289e+01 2.05539e+01
2.43289e+01 2.03000e+01
2.43680e+01 2.02609e+01
2.48369e+01 2.04270e+01
2.50910e+01 2.04270e+01
2.56381e+01 2.10230e+01
2.53840e+01 2.16580e+01
2.58529e+01 2.10619e+01
2.66150e+01 2.06811e+01
2.66150e+01 2.04270e+01
2.70350e+01 2.07689e+01
2.66150e+01 2.14430e+01
2.68689e+01 2.14430e+01
2.71619e+01 2.14039e+01
2.81391e+01 2.24590e+01
2.81391e+01 2.11891e+01
2.84320e+01 2.11500e+01
2.90279e+01 2.19510e+01
3.01711e+01 2.19510e+01
2.97900e+01 2.10619e+01
3.01711e+01 2.04270e+01
3.04250e+01 2.04270e+01
3.05520e+01 2.10619e+01
3.08061e+01 2.10619e+01
3.13141e+01 2.11891e+01
3.19490e+01 2.04270e+01
3.22029e+01 2.04270e+01
3.22029e+01 2.06811e+01
3.25840e+01 2.09350e+01
3.22420e+01 2.11500e+01
3.43350e+01 2.34529e+01
3.51600e+01 2.32279e+01
3.36000e+01 1.99189e+01
3.41080e+01 1.97920e+01
3.39811e+01 1.91570e+01
3.43619e+01 1.85221e+01
3.40199e+01 1.83561e+01
3.36000e+01 1.78869e+01
3.39811e+01 1.78869e+01
3.39811e+01 1.71250e+01
3.37270e+01 1.59820e+01
3.39811e+01 1.59820e+01
3.42350e+01 1.58551e+01
3.42350e+01 1.48391e+01
3.37660e+01 1.40381e+01
3.35119e+01 1.45461e+01
3.30041e+01 1.53080e+01
3.30041e+01 1.58160e+01
3.24961e+01 1.63240e+01
3.27109e+01 1.66170e+01
3.29650e+01 1.66170e+01
3.32580e+01 1.70859e+01
3.27500e+01 1.73400e+01
3.30041e+01 1.78480e+01
3.33850e+01 1.83561e+01
3.32580e+01 1.86100e+01
3.33850e+01 1.91180e+01
3.30041e+01 1.98801e+01
3.30041e+01 2.03881e+01
3.23301e+01 2.01730e+01
3.20760e+01 1.95381e+01
3.23301e+01 1.94109e+01
3.23301e+01 1.87760e+01
3.23301e+01 1.80141e+01
3.17340e+01 1.81020e+01
3.17340e+01 1.88641e+01
3.09330e+01 1.96650e+01
3.13141e+01 1.91570e+01
3.10600e+01 1.86490e+01
3.09330e+01 1.78869e+01
3.04641e+01 1.72131e+01
3.00830e+01 1.73400e+01
3.02100e+01 1.78480e+01
2.94480e+01 1.75939e+01
2.89400e+01 1.78480e+01
2.86859e+01 1.78480e+01
2.84320e+01 1.78480e+01
2.86471e+01 1.73789e+01
2.89010e+01 1.61090e+01
2.94090e+01 1.56010e+01
2.99170e+01 1.53471e+01
3.04641e+01 1.48000e+01
2.91551e+01 1.40770e+01
2.86471e+01 1.34420e+01
2.89010e+01 1.34420e+01
2.94090e+01 1.30609e+01
2.94090e+01 1.26801e+01
3.00439e+01 1.22990e+01
3.04250e+01 1.20449e+01
3.03369e+01 1.27680e+01
3.05520e+01 1.35689e+01
3.10600e+01 1.35689e+01
3.14801e+01 1.45461e+01
3.10990e+01 1.58160e+01
3.16949e+01 1.59820e+01
3.16949e+01 1.56010e+01
3.16949e+01 1.53471e+01
3.19490e+01 1.50930e+01
3.23301e+01 1.50930e+01
3.27500e+01 1.40381e+01
3.22420e+01 1.37840e+01
3.19881e+01 1.37840e+01
3.19490e+01 1.35689e+01
3.18221e+01 1.33150e+01
3.19490e+01 1.26801e+01
3.17340e+01 1.25141e+01
3.12260e+01 1.22600e+01
3.14410e+01 1.20449e+01
3.16949e+01 1.17910e+01
3.20760e+01 1.16641e+01
3.24570e+01 1.15369e+01
3.27109e+01 1.15369e+01
3.24961e+01 1.22600e+01
3.28381e+01 1.28070e+01
3.30920e+01 1.21721e+01
3.34730e+01 1.20449e+01
3.45279e+01 1.11170e+01
3.32580e+01 9.97400
3.30041e+01 9.97400
3.27500e+01 1.02279e+01
3.22420e+01 9.97400
3.24570e+01 9.50510
3.30920e+01 7.72700
3.34730e+01 7.72700
3.49199e+01 6.83010
3.53699e+01 6.83010
3.56400e+01 7.10000
3.46344e+01 6.83010
3.12260e+01 9.21190
3.02100e+01 9.71990
3.06789e+01 1.00131e+01
3.09330e+01 1.00131e+01
3.14410e+01 1.00131e+01
3.17340e+01 1.04820e+01
3.09721e+01 1.02279e+01
3.02100e+01 1.07359e+01
2.99561e+01 1.14980e+01
2.94090e+01 1.09020e+01
2.90279e+01 1.02670e+01
2.92820e+01 9.63200
2.96631e+01 8.74300
2.85590e+01 9.71990
2.86859e+01 9.97400
2.89400e+01 1.09900e+01
2.79240e+01 1.14980e+01
2.83051e+01 1.21330e+01
2.80510e+01 1.21330e+01
2.84320e+01 1.27680e+01
2.83051e+01 1.32760e+01
2.80510e+01 1.32760e+01
2.79240e+01 1.27680e+01
2.69961e+01 1.29340e+01
2.69961e+01 1.21721e+01
2.64000e+01 1.17520e+01
2.66150e+01 1.09020e+01
2.71619e+01 1.07359e+01
2.66541e+01 1.04820e+01
2.58920e+01 1.09900e+01
2.57260e+01 1.02670e+01
2.57650e+01 9.46600
2.55109e+01 1.02279e+01
2.50029e+01 1.09900e+01
2.53840e+01 1.20061e+01
2.51301e+01 1.20061e+01
2.38211e+01 1.05211e+01
2.39480e+01 1.02670e+01
2.39480e+01 1.00131e+01
2.42020e+01 9.75900
2.43289e+01 8.99710
2.49641e+01 8.36190
2.53449e+01 8.23500
2.55990e+01 8.23500
2.61070e+01 8.36190
2.73770e+01 8.23500
2.76311e+01 8.23500
2.78850e+01 8.23500
2.83930e+01 8.23500
2.88461e+01 6.76600
2.88961e+01 6.71600
2.88668e+01 6.74510
2.63061e+01 6.76600
2.63270e+01 6.74510
2.63561e+01 6.71600
2.65912e+01 6.06800
2.40971e+01 6.83010
2.29326e+01 6.80860
2.29035e+01 6.77950
2.22342e+01 6.80860
2.22051e+01 6.77950
2.17262e+01 6.80860
2.16971e+01 6.77950
2.09350e+01 6.77950
2.09641e+01 6.80860
2.31859e+01 8.74300
2.34789e+01 9.08500
2.28439e+01 8.70390
2.25900e+01 8.70390
2.24631e+01 8.95800
2.17010e+01 8.83110
2.23359e+01 9.21190
2.33131e+01 1.02670e+01
2.36061e+01 1.02279e+01
2.39869e+01 1.07359e+01
2.37330e+01 1.09900e+01
2.38600e+01 1.12439e+01
2.34789e+01 1.14980e+01
2.30980e+01 1.14980e+01
2.18279e+01 1.07359e+01
2.19551e+01 1.14980e+01
2.13199e+01 1.14980e+01
2.06850e+01 1.14980e+01
2.03039e+01 1.14980e+01
1.91221e+01 1.15369e+01
1.92881e+01 1.02279e+01
1.90340e+01 1.02279e+01
1.85260e+01 1.07359e+01
1.72170e+01 1.00131e+01
1.77250e+01 1.00131e+01
1.82330e+01 1.01400e+01
1.82330e+01 9.88590
1.86141e+01 9.50510
1.92881e+01 8.95800
1.86529e+01 9.21190
1.74711e+01 8.99710
1.74711e+01 8.74300
1.74711e+01 8.48910
1.74711e+01 8.23500
1.74711e+01 7.98110
1.70020e+01 7.94200
1.70020e+01 8.19610
1.64939e+01 7.94200
1.64939e+01 8.70390
1.62400e+01 8.95800
1.51850e+01 8.99710
1.53119e+01 8.74300
1.54391e+01 8.48910
1.52240e+01 8.19610
1.47160e+01 8.70390
1.42080e+01 8.57700
1.39539e+01 8.45000
1.39539e+01 8.95800
1.34461e+01 8.95800
1.21760e+01 9.08500
1.16680e+01 8.70390
1.14141e+01 8.57700
1.13750e+01 8.99710
1.21760e+01 8.19610
1.15410e+01 7.94200
1.06520e+01 7.68810
1.03980e+01 7.81500
1.01439e+01 7.94200
8.26410 6.80860
8.23500 6.77950
7.50210 6.80860
7.47300 6.77950
6.67660 6.80860
6.64750 6.77950
6.52700 6.06800
4.91990 7.55000
4.91990 7.10000
5.19000 6.83010
6.26640 6.77950
6.29570 6.80860
7.56500 7.72700
7.81890 7.72700
8.07300 7.72700
1.01051e+01 8.99710
1.03590e+01 8.74300
1.09061e+01 9.21190
1.09061e+01 9.71990
1.09061e+01 9.97400
1.11211e+01 1.00131e+01
1.23910e+01 1.10289e+01
1.36609e+01 1.00131e+01
1.46770e+01 9.75900
1.59859e+01 9.97400
1.70020e+01 1.14980e+01
1.70020e+01 1.17520e+01
1.63670e+01 1.22600e+01
1.59859e+01 1.25141e+01
1.54391e+01 1.30609e+01
1.53119e+01 1.22990e+01
1.64551e+01 1.30609e+01
1.64939e+01 1.37840e+01
1.62400e+01 1.42920e+01
1.62400e+01 1.45461e+01
1.59859e+01 1.50539e+01
1.54391e+01 1.50930e+01
1.51850e+01 1.43311e+01
1.37000e+01 1.50539e+01
1.34070e+01 1.50930e+01
1.39150e+01 1.43311e+01
1.41689e+01 1.30609e+01
1.45500e+01 1.28070e+01
1.40811e+01 1.22600e+01
1.37000e+01 1.25141e+01
1.34461e+01 1.25141e+01
1.21760e+01 1.35301e+01
1.16680e+01 1.35301e+01
1.15410e+01 1.27680e+01
1.09061e+01 1.31490e+01
1.06520e+01 1.32760e+01
1.03980e+01 1.35301e+01
1.03590e+01 1.30609e+01
1.02320e+01 1.28070e+01
8.83500 1.10289e+01
8.58110 1.06480e+01
8.11190 1.04820e+01
7.05700 1.00131e+01
6.33400 9.21190
6.33400 9.97400
6.54900 1.02670e+01
6.58810 1.04820e+01
6.58810 1.07359e+01
6.54900 1.10289e+01
7.56500 1.15369e+01
7.60390 1.17520e+01
8.61990 1.30221e+01
7.60390 1.27680e+01
6.58810 1.35301e+01
7.09610 1.53080e+01
7.35000 1.58160e+01
6.20700 1.68320e+01
6.58810 1.73400e+01
6.58810 1.78480e+01
6.08010 1.79750e+01
6.54900 1.89029e+01
7.05700 1.91570e+01
7.56500 1.91570e+01
7.56500 1.89029e+01
7.81890 1.89029e+01
8.36600 1.88641e+01
7.81890 1.83949e+01
7.56500 1.78869e+01
7.81890 1.76330e+01
8.07300 1.76330e+01
7.81890 1.71250e+01
7.56500 1.66170e+01
8.07300 1.66170e+01
8.32700 1.58551e+01
8.96190 1.42039e+01
9.59710 1.34420e+01
9.63590 1.40381e+01
9.63590 1.45461e+01
1.01051e+01 1.48391e+01
1.03590e+01 1.48391e+01
1.13750e+01 1.53471e+01
1.13750e+01 1.48391e+01
1.21369e+01 1.45850e+01
1.26840e+01 1.50539e+01
1.26840e+01 1.55619e+01
1.31529e+01 1.58551e+01
1.36609e+01 1.58551e+01
1.37000e+01 1.63240e+01
1.34461e+01 1.63240e+01
1.34461e+01 1.68320e+01
1.31920e+01 1.78480e+01
1.14141e+01 1.93721e+01
1.03980e+01 1.91180e+01
1.01051e+01 1.90301e+01
1.06131e+01 1.83949e+01
1.11211e+01 1.86490e+01
1.11211e+01 1.81410e+01
1.18830e+01 1.78869e+01
1.21369e+01 1.78869e+01
1.23910e+01 1.76330e+01
1.21369e+01 1.71250e+01
1.23910e+01 1.71250e+01
1.21369e+01 1.66170e+01
1.16680e+01 1.63240e+01
1.19221e+01 1.58160e+01
1.16680e+01 1.56891e+01
1.06131e+01 1.66170e+01
1.03980e+01 1.63240e+01
9.63590 1.70859e+01
9.38200 1.75939e+01
8.74710 1.78480e+01
8.83500 1.81410e+01
9.08910 1.81410e+01
9.59710 1.78869e+01
9.85100 1.78869e+01
9.85100 1.76330e+01
1.01439e+01 1.75939e+01
1.01439e+01 1.78480e+01
9.89000 1.83561e+01
9.38200 1.96260e+01
8.87400 1.94990e+01
8.61990 1.93721e+01
7.09610 2.06420e+01
5.95290 2.16580e+01
4.91990 2.21480e+01
5.14490 2.29730e+01
8.70800 2.04270e+01
9.12790 2.01340e+01
9.12790 2.06420e+01
9.97790 2.18240e+01
1.03590e+01 2.11891e+01
1.03590e+01 2.09350e+01
1.08670e+01 2.08080e+01
1.09939e+01 2.05539e+01
1.11211e+01 2.03000e+01
1.14141e+01 2.08961e+01
1.18830e+01 2.14430e+01
1.26449e+01 2.11891e+01
1.28990e+01 2.14430e+01
1.35340e+01 2.10619e+01
1.30260e+01 2.00461e+01
1.39150e+01 2.08080e+01
1.44230e+01 2.04270e+01
1.46770e+01 2.04270e+01
1.49311e+01 2.04270e+01
1.52240e+01 2.02609e+01
1.51850e+01 2.11891e+01
1.56930e+01 2.04270e+01
1.56930e+01 1.89029e+01
1.59471e+01 1.81410e+01
1.57320e+01 1.78480e+01
1.52240e+01 1.83561e+01
1.49699e+01 1.88641e+01
1.47160e+01 1.88641e+01
1.44619e+01 1.88641e+01
1.49311e+01 1.81410e+01
1.46770e+01 1.78869e+01
1.49311e+01 1.78869e+01
1.51850e+01 1.78869e+01
1.54391e+01 1.73789e+01
1.59471e+01 1.61090e+01
1.76369e+01 1.78480e+01
1.70020e+01 1.78480e+01
1.64551e+01 1.94109e+01
1.72170e+01 1.99189e+01
1.77250e+01 1.96650e+01
1.79789e+01 1.96650e+01
1.83600e+01 1.96650e+01
1.86141e+01 1.89029e+01
1.88680e+01 1.89029e+01
1.84869e+01 1.81410e+01
1.87410e+01 1.81410e+01
1.89949e+01 1.81410e+01
1.95029e+01 1.78869e+01
1.97570e+01 1.78869e+01
1.97570e+01 1.83949e+01
2.00109e+01 1.83949e+01
2.05189e+01 1.83949e+01
2.05189e+01 1.78869e+01
2.02650e+01 1.73789e+01
2.07730e+01 1.71250e+01
2.12811e+01 1.68711e+01
2.20430e+01 1.73789e+01
2.20430e+01 1.78869e+01
2.38211e+01 1.63631e+01
2.44561e+01 1.58551e+01
2.48369e+01 1.58551e+01
2.52570e+01 1.58160e+01
2.47490e+01 1.55619e+01
2.44949e+01 1.55619e+01
2.38600e+01 1.53080e+01
2.36061e+01 1.53080e+01
2.38211e+01 1.47119e+01
2.36061e+01 1.40381e+01
2.33520e+01 1.40381e+01
2.29320e+01 1.35689e+01
2.33131e+01 1.33150e+01
2.29711e+01 1.27680e+01
2.24631e+01 1.27680e+01
2.19551e+01 1.35301e+01
2.15740e+01 1.40381e+01
2.15740e+01 1.42920e+01
2.20820e+01 1.48000e+01
2.08119e+01 1.60699e+01
2.03039e+01 1.65779e+01
1.95420e+01 1.73400e+01
1.90340e+01 1.70859e+01
1.82721e+01 1.63240e+01
1.77641e+01 1.73400e+01
1.77250e+01 1.71250e+01
1.74711e+01 1.63631e+01
1.77250e+01 1.53471e+01
1.77250e+01 1.50930e+01
1.74711e+01 1.43311e+01
1.69631e+01 1.38230e+01
1.77250e+01 1.30609e+01
1.77250e+01 1.25529e+01
1.75980e+01 1.22990e+01
1.89949e+01 1.28070e+01
1.92490e+01 1.28070e+01
1.95029e+01 1.28070e+01
1.96689e+01 1.32760e+01
1.94150e+01 1.34029e+01
1.92881e+01 1.40381e+01
1.90340e+01 1.40381e+01
1.87801e+01 1.40381e+01
1.90340e+01 1.48000e+01
1.96689e+01 1.60699e+01
1.93760e+01 1.61090e+01
1.97570e+01 1.53471e+01
2.02650e+01 1.48391e+01
2.00500e+01 1.45461e+01
2.05189e+01 1.45850e+01
2.12811e+01 1.50930e+01
2.12811e+01 1.45850e+01
2.08119e+01 1.40381e+01
2.00500e+01 1.35301e+01
2.07730e+01 1.28070e+01
2.14080e+01 1.28070e+01
2.19160e+01 1.22990e+01
2.22971e+01 1.22990e+01
2.25510e+01 1.22990e+01
2.29320e+01 1.22990e+01
2.35670e+01 1.28070e+01
2.35670e+01 1.33150e+01
2.40750e+01 1.36961e+01
2.50910e+01 1.38230e+01
2.52180e+01 1.35689e+01
2.53449e+01 1.38230e+01
2.58529e+01 1.33150e+01
2.81391e+01 1.48391e+01
2.85199e+01 1.45850e+01
2.79240e+01 1.53080e+01
2.76699e+01 1.53080e+01
2.73770e+01 1.57279e+01
2.76311e+01 1.58551e+01
2.79240e+01 1.58160e+01
2.67811e+01 1.69590e+01
2.66541e+01 1.75939e+01
2.73770e+01 1.82680e+01
2.78850e+01 1.78869e+01
2.86859e+01 1.86100e+01
2.91551e+01 1.86490e+01
2.94480e+01 1.88641e+01
2.99561e+01 1.97529e+01
2.89400e+01 1.97529e+01
2.81779e+01 1.97529e+01
2.72891e+01 1.93721e+01
2.72891e+01 1.88641e+01
2.65270e+01 1.87369e+01
2.62340e+01 1.87760e+01
2.61461e+01 1.83561e+01
2.58529e+01 1.81410e+01
2.58920e+01 1.78480e+01
2.53840e+01 1.81020e+01
2.51301e+01 1.78480e+01
2.38600e+01 1.86100e+01
2.25900e+01 1.96260e+01
2.22090e+01 1.93721e+01
2.18279e+01 1.92449e+01
2.00500e+01 1.93721e+01
1.97961e+01 2.03881e+01
1.95420e+01 2.03881e+01
