----------------------------------------
Version1&2 Submit:
3816397.53 0
17 24 19 25 14 15 34 3 9 24 35 42 41 24 49 3 16 26 30 22 0 41 9 34 9 13 19 9 38 24 24 7 9 20 31 33 28 9 28 25 38 40 35 7 2 23 27 25 41 9 34 44 41 18 35 5 9 48 14 35 31 35 44 43 9 4 8 14 25 9 17 12 41 39 46 6 8 35 6 24 40 47 31 24 31 24 24 0 34 9 7 2 5 39 20 35 24 40 31 3 47 6 39 16 31 44 2 16 9 13 8 9 47 35 15 24 43 25 46 16 35 28 34 35 13 5 8 35 18 11 38 39 43 41 47 44 9 41 9 38 38 28 23 9 28 17 42 41 47 16 35 32 29 8 45 49 16 20 26 31 38 5 49 10 7 27 44 29 34 10 2 41 35 31 40 17 47 49 44 33 4 2 16 47 28 22 3 31 11 16 31 25 21 42 13 31 8 40 44 45
----------------------------------------
TARGET problem 2: 3732794 or better
----------------------------------------
SWAP W/ NO BAN:
3791505.04 0
17 24 19 25 14 15 34 3 9 24 35 42 41 24 49 3 16 26 30 22 0 41 9 34 9 13 19 8 38 24 24 7 9 20 31 33 28 9 28 25 38 40 35 7 2 23 27 25 41 9 34 44 41 18 35 5 9 48 14 35 31 35 44 43 9 4 8 14 25 45 17 12 41 39 46 6 8 35 6 24 40 47 31 24 31 24 24 0 34 9 7 2 5 39 20 35 24 40 31 3 47 6 39 16 31 44 2 16 9 13 8 9 47 35 15 24 43 25 46 16 35 28 34 35 13 5 8 35 18 11 38 39 43 41 47 44 9 41 9 38 38 28 23 9 28 17 42 41 47 9 35 32 29 8 45 49 16 20 26 31 38 5 49 10 7 27 44 29 34 10 2 41 13 31 40 17 35 49 44 33 4 2 16 47 28 9 3 31 11 16 31 25 21 42 13 31 8 40 44 45
----------------------------------------
SWAP W/ BAN [12,17,20,22,27,32,30,48,46]:
3744946.12 0
28 24 19 25 14 15 34 3 9 24 35 42 41 24 49 3 16 26 43 45 0 41 9 34 9 13 19 8 38 24 24 7 9 25 31 33 28 9 28 25 38 40 35 7 2 23 40 25 41 9 34 44 41 18 35 5 9 31 14 35 31 35 44 43 9 4 8 14 25 45 28 33 41 39 42 6 8 35 6 24 40 47 31 24 31 24 24 0 34 9 7 2 5 39 25 35 24 40 31 3 47 6 39 16 31 44 2 16 9 13 8 9 47 35 15 24 43 25 42 16 35 28 34 35 13 5 8 35 18 11 38 39 43 41 47 44 9 41 9 38 38 28 23 9 28 28 42 41 47 9 35 38 29 8 45 49 16 25 26 31 38 5 49 10 7 40 44 29 34 10 2 41 13 31 40 28 35 49 44 33 4 2 16 47 28 9 3 31 11 16 31 25 21 42 13 31 8 40 44 45
----------------------------------------
Version 3 Submit:
SWAP W/ BAN [0,12,17,20,21,22,23,27,32,30,48,46]:
3732793.43 0
28 24 19 25 14 15 34 3 9 24 35 42 41 24 49 3 16 26 43 45 45 41 9 34 9 13 19 8 38 24 24 7 9 25 31 33 28 9 28 25 38 40 35 7 2 19 40 25 41 9 34 44 41 18 35 5 9 31 14 35 31 35 44 43 9 4 8 14 25 45 28 33 41 39 42 6 8 35 6 24 40 47 31 24 31 24 24 45 34 9 7 2 5 39 25 35 24 40 31 3 47 6 39 16 31 44 2 16 9 13 8 9 47 35 15 24 43 25 42 16 35 28 34 35 13 5 8 35 18 11 38 39 43 41 47 44 9 41 9 38 38 28 19 9 28 28 42 41 47 9 35 38 29 8 45 49 16 25 26 31 38 5 49 10 7 40 44 29 34 10 2 41 13 31 40 28 35 49 44 33 4 2 16 47 28 9 3 31 11 16 31 25 5 42 13 31 8 40 44 45