problem 1: 3269822 or better
problem 2: 3732794
problem 3: 2050
problem 4: 26000000 or better.
problem 5: 5000000 or better
problem 6: 30000000 or better
problem 7: 10000000 or better. 
problem 8: 10000000 or better.
BsWZ1, ./data/fl_25_2, solver.py, Facility Location Problem 1
rOIP7, ./data/fl_50_6, solver.py, Facility Location Problem 2
Umtuf, ./data/fl_100_7, solver.py, Facility Location Problem 3
gkoSJ, ./data/fl_100_1, solver.py, Facility Location Problem 4
1T4Zv, ./data/fl_200_7, solver.py, Facility Location Problem 5
YjE7f, ./data/fl_500_7, solver.py, Facility Location Problem 6
3hnIJ, ./data/fl_1000_2, solver.py, Facility Location Problem 7
bFCUi, ./data/fl_2000_2, solver.py, Facility Location Problem 8

Submitting: 
3276471.40 0
7 7 7 7 7 7 6 7 7 7 10 7 7 7 7 7 7 6 7 7 7 7 7 7 7 7 21 7 7 7 7 7 7 16 7 7 11 6 7 7 7 7 7 7 7 7 7 7 9 7
better:3269822
-------------------------------------
Submitting: 
3816397.53 0
17 24 19 25 14 15 34 3 9 24 35 42 41 24 49 3 16 26 30 22 0 41 9 34 9 13 19 9 38 24 24 7 9 20 31 33 28 9 28 25 38 40 35 7 2 23 27 25 41 9 34 44 41 18 35 5 9 48 14 35 31 35 44 43 9 4 8 14 25 9 17 12 41 39 46 6 8 35 6 24 40 47 31 24 31 24 24 0 34 9 7 2 5 39 20 35 24 40 31 3 47 6 39 16 31 44 2 16 9 13 8 9 47 35 15 24 43 25 46 16 35 28 34 35 13 5 8 35 18 11 38 39 43 41 47 44 9 41 9 38 38 28 23 9 28 17 42 41 47 16 35 32 29 8 45 49 16 20 26 31 38 5 49 10 7 27 44 29 34 10 2 41 35 31 40 17 47 49 44 33 4 2 16 47 28 22 3 31 11 16 31 25 21 42 13 31 8 40 44 45
better: 3732794
-------------------------------------
Submitting: 
3764.68 0
70 70 25 95 70 77 16 16 6 77 77 77 70 25 25 77 16 25 55 96 16 70 70 16 70 70 77 70 70 16 70 70 77 30 70 77 95 16 70 16 70 6 77 25 16 89 77 77 70 29 16 70 70 25 70 16 77 70 25 16 70 25 77 21 16 77 77 70 70 16 70 77 70 70 70 25 70 16 70 6 70 70 77 16 70 25 70 70 70 30 16 25 70 25 77 16 16 16 77 70
2050 or better
-------------------------------------
Submitting: 
178669106.40 0
28 91 64 56 1 34 51 37 79 43 9 8 28 8 51 5 31 51 93 91 0 51 3 64 51 51 3 51 24 79 7 74 91 9 27 50 27 10 51 53 41 22 62 3 66 51 94 23 27 86 51 64 51 72 8 51 51 91 91 51 51 86 43 38 37 22 51 48 51 91 51 34 51 64 41 51 5 35 51 51 83 22 34 93 51 7 3 44 50 51 51 34 4 78 91 23 7 37 1 51 50 28 51 91 51 51 23 5 91 9 50 51 51 7 51 58 51 42 51 14 89 72 51 10 32 9 7 27 51 37 58 7 51 90 51 34 51 41 27 80 51 53 51 3 91 12 5 51 93 51 89 51 51 34 51 22 72 51 51 37 37 79 51 27 16 32 34 80 61 72 24 41 37 91 83 51 37 44 31 14 23 63 51 7 79 91 51 33 34 86 51 23 57 89 51 51 37 38 37 51 51 51 28 51 12 7 39 27 37 30 51 9 51 51 51 5 18 9 22 5 40 3 56 27 30 51 51 54 57 37 32 17 91 53 51 27 37 56 51 51 3 34 76 24 58 3 38 32 64 99 7 37 83 51 24 51 51 51 3 51 78 58 51 66 22 72 41 23 91 15 2 96 27 51 99 10 12 62 41 51 91 27 74 78 34 47 51 34 7 22 58 51 51 97 72 41 51 91 51 7 36 3 86 39 44 34 9 47 34 41 51 91 34 70 7 51 83 47 7 51 5 23 51 51 23 94 64 51 54 99 27 23 51 51 51 34 51 51 5 93 51 51 51 82 84 27 98 17 51 24 51 99 7 5 51 37 41 51 22 51 48 51 15 71 88 51 7 77 37 51 99 51 51 3 51 51 3 51 91 91 51 51 5 8 27 96 37 91 51 7 51 99 91 96 51 32 7 25 55 31 96 9 37 51 61 63 27 51 51 22 32 51 32 91 51 51 27 41 51 51 43 51 51 87 14 51 27 68 51 37 66 51 51 7 22 51 28 51 44 8 51 34 24 50 51 62 51 51 53 76 32 51 7 51 3 24 51 93 51 31 51 51 3 88 60 51 51 24 51 23 52 7 34 51 22 64 32 24 57 65 51 2 94 27 51 22 17 33 24 14 0 91 51 48 91 9 7 66 22 37 38 33 3 7 51 27 37 80 51 51 94 7 91 79 34 51 64 24 38 51 32 3 51 18 56 64 51 51 37 27 91 51 52 51 38 36 69 64 51 51 51 51 38 51 91 24 51 66 51 51 51 39 91 51 50 97 44 51 51 7 37 60 51 27 41 51 51 9 51 51 5 62 50 78 51 27 27 76 91 51 40 51 21 77 55 78 38 45 72 51 46 51 51 37 37 23 34 51 24 51 50 12 38 51 44 51 50 64 34 51 78 86 72 28 51 99 65 27 4 86 51 51 86 1 51 22 51 66 51 51 51 57 22 51 34 23 90 51 99 60 34 90 51 90 37 17 24 32 51 51 74 11 91 22 51 24 51 83 51 66 27 12 51 51 51 41 34 51 54 1 96 51 51 76 27 32 61 5 51 94 34 41 27 37 51 84 93 87 37 5 51 51 61 27 51 37 3 25 24 9 79 51 21 51 27 51 34 51 56 1 23 96 47 24 26 11 51 37 51 51 91 91 27 51 99 34 51 99 38 32 42 51 76 51 17 34 3 58 51 28 51 51 87 12 40 9 22 94 9 34 27 1 51 38 50 9 56 64 85 51 90 72 51 22 86 51 91 51 50 24 13 27 9 51 99 15 7 51 51 37 72 51 51 51 6 41 94 51 91 51 24 51 91 44 51 79 55 27 22 22 51 34 51 51 23 1 22 23 3 51 23 5 24 8 51 27 37 41 51 5 87 51 7 8 7 25 34 51 91 91 51 51 39 41 51 64 1 72 51 51 51 5 29 32 51 32 51 7 50 89 51 87 51 51 34 51 51 91 51 9 51 7 95 39 8 9 94 14 27 51 37 0 48 51 51 43 1 64 23 5 22 37 92 8 79 23 51 51 51 28 38 64 51 72 51 51 53 96 51 51 84 49 32 76 51 73 51 37 51 24 6 51 34 5 51 3 86 7 44 99 3 22 73 1 58 22 51 51 5 7 51 86 67 27 72 51 37 90 51 34 51 23 51 5 51 34 51 27 51 7 72 69 35 51 89 23 5 51 34 91 24 38 86 91 87 41 17 27 99 28 91 51 53 87 89 8 27 92 5 96 47 51 51 51 51 5 80 91 51 96 3 32 51 51 32 86 91 51 91 37
-------------------------------------
Submitting: 
5437536.36 0
155 0 132 66 111 33 116 24 6 161 167 19 35 48 136 183 99 169 35 44 60 85 139 192 167 9 95 118 51 151 68 180 72 175 3 28 20 157 120 114 108 49 48 175 171 35 102 9 123 145 133 18 4 157 90 23 59 3 160 148 183 167 3 26 5 37 25 25 90 198 18 162 166 82 60 118 43 54 159 30 123 108 125 77 37 193 77 62 2 180 18 30 156 67 85 33 75 94 162 90 11 108 149 119 46 118 175 192 69 42 144 99 34 120 43 30 165 33 139 69 58 165 185 91 0 171 180 65 6 197 66 6 5 4 123 155 98 175 49 18 105 60 85 133 69 32 140 83 119 4 142 92 160 165 0 93 176 22 166 83 165 101 41 123 118 32 121 27 56 4 59 135 83 85 49 32 22 179 1 95 167 27 60 94 199 139 15 15 48 151 196 74 178 60 49 26 35 163 179 123 144 93 9 104 176 183 85 86 21 173 121 102 43 25 68 94 4 108 165 116 92 10 175 28 99 62 165 134 175 186 55 177 32 2 160 102 23 6 94 145 85 133 123 118 167 117 100 106 100 107 197 45 151 35 53 133 134 134 172 90 89 27 7 152 43 28 186 144 133 145 198 85 126 153 126 42 4 164 21 132 108 160 137 161 193 45 169 2 74 116 12 123 59 114 58 181 157 167 35 152 151 78 20 21 113 31 145 46 70 147 18 120 175 26 81 2 26 169 190 137 28 16 179 169 116 199 101 24 135 141 116 120 118 182 159 22 25 5 145 35 144 65 134 96 102 170 54 50 161 3 168 69 171 168 69 179 91 135 108 35 125 141 184 89 126 183 126 116 171 79 5 189 34 101 197 87 70 148 87 79 29 183 116 100 17 64 165 119 153 69 5 157 133 144 181 154 84 20 67 96 76 69 96 45 189 180 137 79 190 65 151 79 175 183 81 94 27 12 189 178 139 69 27 24 181 159 54 198 197 151 145 120 155 144 23 71 69 31 195 159 186 188 6 3 159 43 85 57 64 60 18 13 7 37 139 73 19 61 190 26 188 34 7 165 104 173 65 159 167 136 136 27 137 26 46 152 25 184 22 71 75 126 78 144 101 12 102 144 68 137 113 196 171 30 141 56 135 146 3 172 132 186 44 144 186 52 140 119 29 188 149 144 45 89 45 176 65 197 162 95 100 160 102 22 175 7 188 123 180 9 21 119 154 3 144 27 159 43 45 186 144 4 70 97 168 173 71 62 120 60 36 160 145 71 192 177 2 167 70 158 139 135 161 186 42 86 6 108 92 166 94 66 101 62 55 32 92 176 106 34 72 168 135 2 68 149 198 180 151 137 24 160 185 89 172 176 140 43 146 142 157 102 160 139 114 183 73 66 197 188 44 171 183 183 192 3 108 141 180 180 171 72 43 98 112 6 33 95 123 97 32 192 3 34 26 181 135 115 101 179 179 72 149 199 192 198 180 39 94 49 134 174 199 110 72 197 162 179 87 68 173 121 193 167 47 41 2 28 35 106 127 106 75 133 43 51 26 41 57 21 36 60 46 126 136 1 136 48 71 86 178 197 37 27 178 56 85 167 142 66 34 168 36 32 100 41 55 153 199 57 197 114 166 51 41 19 110 72 19 157 51 180 101 42 98 118 123 28 52 56 90 136 9 34 114 52 51 60 186 34 60 179 60 76 151 79 24 189 137 153 84 30 140 139 94 150 157 168 9 125 79 185 116 173 172 140 94 7 52 185 142 103 133 73 190 51 152 83 32 110 12 33 127 105 26 189 112 141 156 40 24 190 199 20 178 79 22 114 56 105 
-------------------------------------
Submitting: 
38585497.36 0
131 33 359 206 283 13 239 76 427 327 237 330 342 231 277 112 394 326 157 402 108 90 187 483 378 272 194 236 386 427 232 300 402 20 190 186 34 39 339 9 238 490 51 470 338 386 343 458 276 104 127 308 478 482 372 481 51 134 200 9 178 167 394 44 366 167 239 50 92 402 104 241 6 366 9 10 346 91 38 112 50 138 329 475 158 209 82 162 445 302 388 390 482 310 26 381 29 150 152 431 450 34 67 31 142 498 480 277 21 45 412 299 489 381 389 319 221 490 337 129 72 289 248 359 245 224 258 359 13 355 80 45 75 394 26 215 443 121 57 384 170 475 348 234 69 36 9 38 165 198 332 318 418 50 209 394 494 152 256 125 440 141 474 375 150 399 233 6 36 166 324 299 92 309 53 298 128 314 409 156 436 480 15 103 454 257 39 433 354 85 82 143 133 163 239 145 227 384 11 100 483 449 206 423 38 302 137 78 455 303 491 475 305 320 114 31 127 61 94 446 238 438 64 483 350 225 324 356 260 111 65 38 37 451 225 69 94 94 39 337 366 117 372 138 411 189 6 26 382 403 440 430 293 98 454 134 22 138 224 290 483 293 394 163 146 146 91 32 499 355 440 170 195 145 221 194 151 308 276 219 13 312 416 141 327 308 382 15 426 263 408 70 389 430 13 309 444 26 495 342 203 210 226 458 115 40 15 38 271 162 495 355 326 324 17 18 377 167 309 309 254 142 249 64 407 390 18 376 165 221 93 481 144 139 429 261 160 35 450 483 485 9 136 219 279 429 344 9 238 452 10 26 429 321 355 163 300 100 403 214 128 340 160 38 10 100 207 390 450 289 108 368 264 201 488 449 295 313 174 443 181 79 159 335 180 155 399 112 221 157 470 330 14 433 156 215 222 232 200 127 303 187 80 334 187 478 342 346 91 100 223 140 142 335 224 490 276 312 100 57 137 98 147 354 135 130 422 221 237 316 118 14 244 43 493 330 374 40 342 229 448 286 444 300 406 152 432 203 0 159 77 77 130 497 36 136 381 51 261 246 297 144 343 72 157 16 194 18 200 39 127 246 91 96 474 64 363 6 320 189 87 136 340 476 12 149 421 57 369 289 21 218 103 180 287 313 130 344 394 48 18 163 477 69 483 367 482 87 38 317 181 31 326 17 294 22 168 477 165 142 67 115 464 30 263 214 342 43 321 385 414 95 172 301 90 412 11 210 469 161 361 237 84 382 243 402 137 113 487 309 16 390 13 452 215 145 117 408 125 448 45 203 309 176 216 361 137 221 443 429 260 78 360 346 84 483 309 94 155 125 449 306 30 468 343 474 219 139 250 263 77 186 322 261 158 272 5 328 24 133 341 299 397 218 11 18 366 16 393 438 319 143 184 229 423 439 189 433 381 362 448 110 104 243 43 150 39 143 270 189 452 69 379 436 483 392 75 186 476 263 422 295 421 371 234 91 15 193 414 201 149 7 408 483 238 488 147 289 236 115 426 361 385 316 303 139 67 456 129 235 109 413 402 481 224 14 381 208 331 367 283 373 49 371 437 260 3 18 325 321 187 208 158 272 162 340 174 130 446 86 252 123 71 427 142 272 142 483 427 8 256 307 138 320 430 244 483 157 5 477 149 256 325 394 494 177 215 131 16 381 294 112 6 137 225 40 463 499 270 26 444 235 26 201 284 78 61 346 119 184 356 298 84 153 278 215 156 493 341 9 142 34 397 65 198 397 130 486 384 179 448 10 305 45 145 16 407 88 381 446 215 253 264 260 167 131 18 78 238 132 15 395 39 453 469 72 221 55 39 454 214 382 104 99 446 156 232 388 195 430 282 337 487 335 467 109 498 78 55 168 372 38 239 483 343 64 237 335 53 380 338 446 197 233 257 250 158 460 18 442 418 440 43 351 142 215 238 451 309 261 451 472 175 277 453 446 123 110 260 276 187 343 344 21 437 210 359 50 158 349 337 296 457 117 229 472 150 111 307 203 360 21 424 340 138 105 171 149 77 16 298 298 431 360 73 209 109 411 92 470 339 405 155 259 448 277 153 141 157 103 156 24 187 277 130 250 125 186 216 238 230 2 57 67 206 467 173 114 282 0 406 442 414 163 359 494 230 45 199 85 69 431 408 360 173 124 138 237 263 40 119 297 215 22 471 127 359 202 6 471 43 198 6 323 46 169 465 186 448 168 412 448 142 210 48 43 312 46 169 240 217 499 443 55 34 114 272 127 169 492 35 207 127 54 483 13 94 45 61 335 72 477 229 75 477 285 30 142 436 6 356 361 236 240 145 464 142 34 437 237 0 477 270 90 266 339 436 5 321 178 391 284 192 320 382 353 418 460 308 374 100 49 62 125 163 10 342 164 270 448 280 98 39 229 355 16 486 444 38 472 371 13 111 252 142 289 217 379 493 370 240 111 56 277 124 184 376 15 64 16 227 142 408 481 93 367 46 477 299 21 294 302 120 93 18 0 158 178 387 473 22 485 104 453 327 496 112 450 436 114 265 256 359 238 273 293 454 103 14 437 488 475 149 256 433 210 13 229 240 320 346 85 330 136 156 9 93 154 276 117 377 10 313 61 497 11 269 155 151 245 214 251 57 125 424 356 274 227 202 183 233 458 275 67 38 55 236 403 480 247 342 225 259 337 451 209 5 431 210 377 76 353 304 361 483 207 302 395 408 352 117 344 67 214 387 480 366 17 417 147 179 470 263 77 67 113 266 157 203 38 191 477 333 274 342 421 475 436 447 102 22 365 275 490 395 194 221 106 225 9 346 176 24 241 52 291 425 157 247 433 414 250 111 214 282 207 420 299 431 384 217 483 194 489 191 229 4 451 26 340 139 257 55 273 389 318 64 15 408 431 136 329 238 9 105 128 221 449 302 275 110 355 103 129 216 324 71 497 6 285 187 385 424 232 14 255 349 461 460 126 432 355 429 342 488 416 99 121 100 90 312 127 469 284 209 170 407 482 479 128 471 238 77 66 476 338 24 261 360 274 226 108 35 286 342 61 300 428 239 167 15 120 121 325 330 36 382 275 320 98 319 6 331 450 253 498 108 50 67 391 57 162 239 309 15 149 390 287 422 474 438 114 359 120 2 276 465 59 309 382 11 427 312 210 230 321 394 390 64 408 256 224 14 402 261 452 77 175 412 110 20 162 240 144 480 263 313 163 305 351 431 203 382 489 381 443 394 274 73 349 209 404 53 200 10 215 42 416 137 369 271 128 463 199 133 311 230 222 494 437 156 38 137 141 8 15 230 309 432 194 340 324 254 5 146 24 100 420 78 11 113 263 69 394 489 10 66 172 474 216 45 316 360 237 444 498 448 169 76 374 21 111 64 183 173 497 55 124 22 53 446 490 209 256 206 446 458 26 307 16 91 38 430 226 10 263 74 443 260 454 324 251 472 16 360 3 51 69 125 450 96 348 155 185 219 449 147 346 312 251 2 120 490 408 257 280 464 162 320 220 364 462 455 346 203 411 241 223 299 283 418 377 242 17 57 388 326 211 422 440 353 116 173 241 39 335 266 41 418 145 187 359 412 109 488 166 181 374 10 84 349 473 79 468 421 297 241 267 305 147 263 15 359 298 368 308 161 289 280 93 0 289 363 416 14 112 285 333 489 19 253 276 50 194 129 477 93 148 179 147 164 347 444 17 68 334 429 240 295 391 365 229 134 207 294 356 48 168 446 346 113 371 382 272 111 216 67 214 450 16 91 77 263 264 95 374 50 22 198 202 225 390 366 302 479 263 10 449 449 178 481 482 321 354 15 381 137 377 467 109 215 240 394 216 386 393 124 369 263 488 161 277 203 265 393 287 412 104 363 462 94 45 455 74 359 361 442 342 167 92 224 434 246 308 0 64 392 23 229 178 111 240 245 275 249 217 397 403 2 81 110 94 443 80 272 236 92 39 87 17 150 33 229 16 18 408 484 75 100 292 26 50 369 355 369 402 359 135 394 199 427 311 402 143 40 245 488 221 33 244 248 393 229 320 271 476 18 363 440 160 100 320 172 240 496 213 170 42 56 436 190 39 186 394 76 221 138 253 11 63 456 35 155 431 466 342 104 488 14 259 119 485 258 167 299 338 338 322 85 244 276 162 469 364 369 277 223 178 77 447 277 317 375 113 402 379 416 223 390 259 161 12 394 127 278 198 104 314 446 334 313 299 384 156 430 134 127 367 268 6 271 262 158 467 187 308 15 119 276 17 489 0 467 18 62 104 456 489 72 98 53 68 68 350 469 111 209 401 165 95 430 230 208 408 214 61 55 157 16 127 222 78 31 259 136 58 394 471 241 177 34 74 155 74 11 123 93 446 219 13 87 355 221 150 63 455 367 322 329 10 340 173 218 279 470 214 218 12 33 285 399 487 18 11 497 411 14 296 65 166 77 2 93 26 240 112 207 432 390 427 420 15 360 431 173 203 100 411 237 123 299 341 92 149 61 411 318 408 408 465 368 50 219 94 364 190 66 182 268 21 202 224 229 351 146 100 271 226 272 141 12 456 226 279 114 223 256 229 35 385 444 325 13 433 81 480 342 309 250 6 335 167 436 115 310 241 354 216 254 57 283 44 434 183 39 187 82 145 409 224 215 8 268 442 448 112 461 310 413 203 321 384 115 360 259 249 330 474 11 335 488 17 350 14 496 354 0 213 48 244 342 296 219 125 488 103 287 275 305 32 473 445 163 209 12 417 213 480 123 461 241 16 367 368 346 254 297 487 191 399 169 216 16 256 211 267 233 364 193 456 423 259 390 11 376 208 226 175 367 87 399 297 227 246 128 289 409 64 112 226 98 276 13 128 307 211 372 169 313 119 97 95 374 224 128 282 469 72 104 97 14 76 471 272 374 18 92 107 162 130 14 434 175 416 169 53 40 433 7 218 453 408 433 405 98 282 16 255 20 284 237 202 326 61 475 250 338 272 194 135 419 214 148 141 242 374 284 309 47 343 190 131 170 237 217 469 0 9 111 16 289 201 45 432 8 471 240 129 193 18 431 147 174 442 489 193 223 205 403 74 40 13 397 400 313 464 248 317 100 382 126 135 450 36 198 35 129 61 47 81 121 14 70 394 290 444 53 275 257 307 320 367 283 85 8 219 308 219 283 91 40 298 78 259 186 148 367 309 10 384 33 467 217 33 19 450 346 279 208 17 489 469 178 74 11 394 284 81 340 287 449 179 35 263 399 18 486 69 335 84 130 77 8 27 261 284 294 430 430 202 94 143 485 260 275 394 311 157 153 190 269 21 387 143 223 175 449 421 369 448 30 152 324 344 377 423 86 130 207 205 388 158 430 259 231 224 330 495 406 200 68 113 217 437 39 418 492 340 455 109 112 138 248 84 100 257 329 403 211 123 320 82 394 191 63 331 181 177 128 13 21 279 445 72 147 382 200 451 434 399 97 25 228 305 468 2 18 28 482 208 418 285 119 437 94 427 472 21 182 335 410 82 62 250 316 65 258 387 70 298 402 284 403 201 214 219 130 90 468 193 277 226 186 394 275 17 228 209 272 243 145 320 498 95 217 57 50 113 373 436 479 72 198 134 362 116 112 43 72 29 210 468 66 460 398 454 270 76 452 443 32 364 455 125 147 280 55 289 310 441 145 282 126 90 427 226 124 241 259 448 180 381 260 79 289 493 284 443 75 449 450 51 293 470 372 301 127 446 241 442 157 32 340 102 296 495 137 123 114 423 141 95 366 280 493 74 342 127 450 172 345 477 498 307 268 307 160 221 33 178 256 313 64 340 402 400 268 302 321 307 33 185 436 22 361 247 352 248 274 412 408 229 366 387 214 187 295 339 81 438 147 295 190 267 462 372 324 493 279 270 176 70 217 230 207 158 141 0 323 117 450 373 23 178 391 235 36 369 11 293 47 259 464 131 264 11 215 407 196 469 384 57 429 381 73 462 208 323 261 388 168 14 21 160 471 474 301 35 11 293 493 340 76 196 250 300 226 442 190 5 207 319 430 221 360 21 486 395 209 187 102 58 292 401 294 152 284 154 349 9 107 125 410 410 226 162 147 438 156 155 189 61 188 191 392 467 446 233 328 346 498 443 342 330 322 250 39 448 152 226 239 187 70 468 37 216 175 380 94 157 44 125 72 381 480 112 152 324 402 289 301 72 256 276 172 66 260 209 450 74 421 445 125 129 114 481 443 338 155 81 241 278 324 349 175 216 317 69 79 498 301 302 267 312 134 361 301 141 367 230 233 421 348 225 273 403 74 418 460 498 490 340 237 231 479 64 314 493 352 360 325 377 138 310 216 438 261 234 252 47 230 369 273 460 472 157 85 214 375 344 369 278 320 209 56 61 487 480 313 246 248 346 222 487 217 301 416 372 77 425 74 56 437 201 333 111 407 471 180 29 472 121 216 489 213 130 297 464 284 438 81 268 498 51 430 165 284 161 311 156 228 344 21 325 399 437 259 18 128 366 229 156 126 407 421 49 429 192 157 220 98 144 13 190 131 61 196 30 266 71 448 493 85 10 67 399 85 274 261 477 418 325 264 419 64 380 116 305 42 216 256 237 12 469 339 219 473 378 112 39 218 241 89 81 41 412 161 114 82 338 255 434 193 480 144 91 297 325 300 416 322 74 5 70 22 388 226 22 172 225 486 388 161 216 277 402 181 296 325 269 193 54 369 417 112 180 338 215 254 250 330 264 257 377 277 152 467 303 476 235 300 204 382 330 28 480 203 168 311 63 235 136 450 21 326 59 490 140 16 198 167 194 239 232 14 224 85 378 207 118
-------------------------------------
Submitting: 
10947684.29 0
518 110 298 258 96 757 393 697 743 485 778 29 169 188 411 172 34 494 669 559 805 867 741 673 509 41 730 14 444 137 773 842 257 397 976 102 14 552 538 699 714 678 521 15 535 678 817 329 435 204 821 469 295 594 578 117 391 688 930 999 781 407 219 884 599 0 596 580 961 912 48 98 873 317 370 193 431 129 494 87 650 407 521 427 106 501 959 187 607 24 949 653 958 7 959 766 197 192 962 594 403 339 81 73 929 961 962 625 534 837 735 27 971 610 78 499 306 814 379 541 127 707 897 496 511 415 97 954 507 250 497 646 836 822 479 517 956 479 720 235 322 278 361 932 893 780 346 806 611 123 55 661 742 398 705 324 101 978 804 114 844 668 858 437 457 842 77 140 925 885 494 388 567 45 636 199 213 483 489 496 119 275 731 121 763 397 699 641 831 821 832 960 175 139 989 26 300 558 999 963 696 187 98 350 976 710 556 428 367 880 330 780 176 750 875 478 329 214 174 956 449 805 204 874 670 157 216 244 97 54 8 682 325 103 347 83 985 490 881 94 322 661 940 735 306 984 115 538 437 14 713 792 273 827 264 452 259 848 215 136 366 788 805 830 947 236 848 394 289 213 735 240 400 21 991 772 371 772 753 594 154 272 393 124 230 502 60 64 22 364 42 175 809 19 246 749 291 464 233 610 279 54 567 128 163 828 459 757 917 326 514 287 368 295 494 564 972 78 858 693 333 821 791 716 791 850 863 786 203 594 96 913 379 402 437 361 816 192 747 336 544 447 271 501 301 119 970 633 535 56 586 627 369 439 852 160 600 154 723 774 781 265 856 313 875 171 23 338 475 497 95 852 780 325 144 776 982 940 508 104 47 546 41 891 698 316 210 541 575 11 931 58 969 727 886 453 907 113 8 226 279 653 548 612 568 56 233 430 977 212 279 185 218 861 116 933 293 544 967 478 848 14 848 936 351 629 210 56 382 308 950 119 73 148 524 987 770 983 834 829 838 904 971 910 132 491 600 394 183 687 297 39 515 384 293 600 592 19 38 333 36 670 210 713 27 229 108 511 60 955 340 245 574 262 225 669 246 613 837 625 213 817 517 365 877 128 961 548 651 264 356 85 110 232 920 179 252 380 619 618 71 431 936 801 404 406 544 611 576 356 796 14 187 21 209 811 840 652 339 278 62 728 324 475 639 971 340 414 972 128 354 539 88 152 816 136 910 779 883 974 225 287 976 127 552 36 207 778 794 532 584 633 849 253 78 925 628 773 704 304 230 216 446 514 681 525 484 697 566 850 881 774 26 867 332 885 427 796 134 785 652 720 320 233 583 567 438 204 751 611 772 380 598 361 65 229 802 750 286 146 225 230 273 208 338 286 524 23 51 869 363 698 949 614 221 574 653 315 903 621 95 180 321 816 391 615 960 948 734 259 974 816 512 666 914 406 546 707 106 990 977 655 794 695 640 143 329 641 791 953 684 899 175 824 747 648 915 704 30 237 519 185 545 14 128 631 351 221 682 225 360 391 716 132 157 140 843 233 727 770 949 217 2 590 523 486 590 938 316 137 200 830 641 960 384 235 861 733 963 51 817 406 455 855 926 493 804 833 736 887 384 999 107 490 893 248 697 856 200 104 674 410 530 165 608 169 413 972 29 475 364 51 928 775 155 541 367 880 830 480 251 346 657 929 633 476 88 985 381 992 135 130 967 431 783 259 150 533 278 350 947 805 678 735 273 788 521 974 522 125 530 8 207 699 406 332 602 468 160 532 135 314 562 695 329 231 683 394 233 658 532 830 205 988 736 388 590 564 425 996 207 625 840 541 452 858 920 909 241 257 10 101 499 537 518 707 786 596 556 141 843 466 363 30 751 336 240 698 472 537 887 123 506 307 562 268 44 435 24 655 800 681 537 484 435 671 330 162 765 120 195 3 697 396 144 151 114 215 723 167 681 609 902 150 4 881 750 328 491 26 173 237 293 711 863 427 79 7 241 985 376 961 471 281 669 303 307 564 602 548 765 283 94 774 92 529 810 329 575 471 855 816 874 566 3 410 290 974 652 514 972 298 287 890 813 426 926 463 854 822 694 328 395 954 690 350 209 484 442 94 832 843 980 70 391 96 676 78 368 92 392 954 194 601 149 65 228 548 362 880 648 38 418 55 837 293 194 192 339 933 435 89 697 516 185 253 705 505 530 434 641 687 570 232 243 967 426 306 342 687 252 748 655 512 453 750 39 978 138 871 436 373 232 47 477 110 283 351 9 740 929 403 508 731 147 893 822 590 114 874 134 383 676 912 441 133 955 146 628 199 13 368 855 746 118 103 43 150 59 796 887 402 415 965 418 790 456 941 86 602 706 901 367 692 953 807 850 506 137 393 473 142 973 918 979 152 625 937 461 152 627 679 809 740 25 433 51 380 431 110 962 553 936 492 709 859 674 730 895 284 431 628 917 875 458 969 250 506 194 426 388 970 612 875 254 807 548 238 831 106 296 561 606 467 807 176 455 499 817 205 885 911 34 224 599 970 63 85 66 496 196 377 116 576 716 521 995 854 822 858 692 743 803 676 367 873 478 383 792 126 979 941 714 925 26 967 843 995 577 838 869 688 129 545 235 285 300 692 767 977 842 735 490 907 408 374 246 654 534 995 805 334 666 899 46 158 234 957 835 205 766 189 352 74 838 137 721 63 131 589 863 246 425 175 867 696 475 933 558 251 27 648 176 204 918 835 77 541 111 940 810 362 947 427 0 278 301 317 635 73 496 102 229 893 116 293 899 229 442 3 665 175 251 723 948 445 144 886 125 631 62 0 695 183 123 871 738 296 84 776 240 773 336 378 968 940 318 165 146 155 546 599 794 190 821 893 29 409 948 62 354 419 256 701 409 579 264 288 480 923 579 809 333 295 802 799 639 563 251 409 286 99 555 265 576 438 938 501 354 362 397 138 224 268 533 751 499 801 354 161 582 682 92 782 648 886 146 656 368 308 331 765 123 763 802 374 172 684 127 895 570 744 360 999 928 96 525 959 948 980 849 919 50 901 611 195 565 901 535 682 141 965 518 966 879 646 493 449 517 709 770 526 986 261 818 937 956 767 818 859 198 766 668 138 743 153 458 530 501 857 286 757 171 694 953 183 85 470 443 72 217 43 766 875 844 388 327 445 554 343 628 468 450 173 458 621 348 61 295 597 212 596 678 201 849 969 574 916 116 601 223 480 239 792 365 459 302 884 733 70 352 903 416 559 986 585 795 772 251 188 72 204 593 194 374 797 15 809 277 374 384 708 214 31 165 667 53 546 836 16 628 679 823 799 492 279 559 4 127 883 783 832 849 475 804 234 917 478 951 835 485 835 281 81 696 828 829 408 553 681 425 791 622 469 139 177 627 271 488 746
-------------------------------------
Submitting: 
11958542.33 0
1701 811 1363 484 335 252 623 76 1834 401 1878 450 711 1280 987 516 1776 198 935 1531 570 1604 629 662 1287 859 1361 1100 405 1131 64 1041 68 1765 40 234 430 1539 595 986 1327 223 437 1697 841 814 1288 793 278 122 892 1778 586 783 1439 499 573 336 1774 1777 1869 1562 350 1651 1111 1436 1214 776 787 220 675 1413 247 453 1078 911 1882 118 912 1658 1625 556 1118 1003 1020 1715 446 61 1376 1511 1807 1966 1868 212 1357 98 822 321 392 1185 848 774 1035 632 14 1240 1242 1238 847 1702 315 1609 71 1314 150 1336 1368 723 1562 230 66 145 1526 1483 1482 1382 882 1792 1520 1427 578 1728 1698 1207 596 957 264 1637 592 1846 1176 1257 811 1315 1506 218 536 1229 1583 1869 1890 537 578 2 1038 609 1841 536 541 669 1906 399 1399 1783 441 208 328 473 1873 1719 1212 1538 1675 18 1121 1587 1963 215 1626 940 1362 783 1127 293 1399 1376 711 1453 1960 1911 168 1364 75 1014 430 1246 1178 1717 431 769 489 1972 170 369 1251 1283 174 32 1664 119 1105 441 105 1470 906 1102 1910 626 369 973 1151 1221 439 183 1837 137 1501 1538 4 712 85 1391 1461 250 1210 1873 1277 533 1500 1268 134 1553 1428 1948 396 1213 1407 1508 1817 1681 1641 1291 1250 1947 1688 1479 1607 1382 1744 1492 376 1657 1010 342 1780 115 1234 1335 1593 1155 789 1819 1297 1353 775 679 1494 1966 72 495 1980 486 653 1018 556 107 181 569 802 1655 804 109 298 1196 724 248 259 1682 1299 945 1792 1601 882 1539 644 1653 860 1539 1025 1940 1680 1039 834 1951 305 963 1117 1881 141 1619 847 621 484 1782 973 1215 696 1972 281 811 1173 1095 1700 429 1224 344 1123 999 430 1158 460 1596 1309 1167 514 1686 1549 1894 1372 1151 1460 1996 1458 1751 1029 1683 1519 697 1402 576 1640 1061 738 179 480 48 1997 1982 1521 1927 1336 1303 223 1909 749 487 516 1667 1269 1802 668 1614 1513 1169 1258 614 509 1112 1677 1736 1546 874 544 842 1506 883 594 1513 976 1997 820 137 1296 1580 1623 1837 800 562 193 140 1464 1413 1963 117 1262 1601 160 1041 1670 1513 386 961 1723 147 1304 1520 59 376 188 662 256 1223 943 1191 729 364 1625 1317 414 749 1538 881 711 479 398 27 703 71 587 1920 1385 48 876 779 293 335 956 253 1252 1909 307 866 48 59 1301 1362 1344 1669 1204 1717 691 1400 1868 385 565 1678 1458 1173 1647 145 1781 361 814 750 1637 981 533 483 1943 800 425 398 866 522 1601 1514 1656 716 42 1744 496 1249 618 1642 1362 118 1158 240 1546 111 135 1966 1428 1312 1991 1188 1755 1249 1692 1713 1414 1863 1854 53 348 1060 95 170 671 607 1532 345 1592 985 364 1885 1880 560 302 1203 1746 1266 1841 958 1199 1602 62 1879 404 559 186 1960 1400 1434 1621 1767 1562 197 343 45 1173 986 1765 1690 451 1054 618 1254 1525 1206 572 379 722 1506 1670 1192 729 1637 744 550 1393 1127 212 1201 709 1951 1893 1611 927 862 1624 1532 610 945 1681 1737 1677 1262 864 362 91 1372 1808 1502 25 1691 1632 755 864 725 1546 646 619 385 1514 1456 865 169 252 1693 1279 1678 1322 1733 735 476 1346 937 1321 141 9 806 221 332 943 572 1608 1625 606 145 1739 72 1781 553 696 1685 1215 1528 1400 1671 1032 17 1736 53 1317 1207 146 1695 897 1780 5 806 576 587 290 1517 1035 410 537 1368 112 736 122 526 1012 902 1238 805 1323 1809 1686 1403 441 184 1689 448 882 1242 1203 1118 1873 775 42 758 831 1350 1062 802 1556 878 853 1653 555 1497 1036 1741 1233 74 1323 1397 1439 1422 1614 1883 512 1001 1748 495 1472 1739 1385 1135 1338 1746 795 604 1787 71 1463 8 1021 374 737 461 909 1663 1284 1289 603 1536 1327 195 79 1753 566 1336 749 1607 956 552 284 1343 1067 168 1864 1046 810 443 1038 287 184 1216 1927 1903 211 243 341 1409 1971 567 527 185 1410 1762 1726 349 1580 107 974 1568 927 432 1993 1869 1391 773 1230 1248 1332 1142 992 346 1215 1848 878 348 285 572 326 252 1579 1318 1698 527 1650 394 80 874 1696 227 848 1712 1145 1772 1153 1521 1996 1012 782 285 1497 383 763 364 1647 272 319 1305 1120 821 756 1168 514 347 457 21 779 1033 1783 992 992 514 762 1536 586 466 1804 1549 937 1492 578 975 609 1685 1392 1803 132 844 1053 368 1364 1375 1145 232 1193 0 319 926 58 1492 654 259 1754 794 584 1127 1713 1152 139 1112 23 352 1526 97 385 1183 1893 121 1022 243 230 1965 541 446 1545 1590 1069 1867 1794 1000 1077 546 39 1497 550 1987 1726 1209 1793 79 1735 1650 1398 110 477 1297 1259 723 1041 982 1440 1125 372 225 242 1514 664 138 128 1309 723 256 1602 649 101 807 956 559 146 406 536 375 1469 1818 1585 1636 1736 660 1901 587 495 490 1227 16 1102 1317 1697 1958 1251 1121 1884 493 880 1548 1593 1665 21 151 436 1135 1515 1434 378 600 1655 1689 1701 460 1919 1916 1658 1032 622 544 660 1950 1889 1040 1572 944 1934 1479 986 1115 957 1216 1779 1247 1230 1816 496 1922 1484 1067 1914 1204 133 1228 1004 291 239 367 243 323 1346 1496 183 1395 750 1367 645 123 469 1755 1733 1583 140 698 287 1989 98 688 965 989 1355 1337 835 426 207 570 663 1633 1470 224 566 262 1332 1888 139 699 225 380 388 399 256 721 1711 70 315 432 1445 1125 773 384 1450 658 1653 1747 1071 746 1007 436 493 1570 637 386 140 1026 1281 1468 1085 412 1559 1641 1301 301 611 1186 1077 1659 1909 843 611 1186 989 579 1319 929 1242 987 655 294 1368 1746 1144 1567 1424 716 716 726 147 408 1955 284 768 1473 770 1696 895 656 275 226 687 201 1460 307 1967 1287 231 1324 1471 472 1370 1587 1662 345 1731 954 1781 527 1726 1099 587 944 1947 1135 1655 1361 1118 459 1424 92 1638 335 574 770 562 1901 973 614 1246 59 656 1893 1361 236 803 817 1844 580 1009 1392 389 1781 1045 702 748 1661 1666 203 433 1455 1394 431 563 1366 736 1970 49 1386 234 1715 591 1230 1064 1448 79 469 1233 382 1079 288 431 1339 0 1837 1281 462 190 1977 343 1187 1560 796 296 1393 1267 1629 238 138 1956 1605 726 1286 323 1127 85 1267 459 813 900 1852 1871 1394 1502 364 603 1666 1179 1054 1424 1805 406 38 420 92 151 668 1311 1503 1260 336 577 740 1280 347 716 391 1550 348 1390 798 376 1284 874 1749 1778 1440 411 1672 528 1910 684 359 1881 783 161 214 778 1274 595 1098 1635 513 1574 650 995 1681 1409 1629 176 1525 1479 859 1373 281 933 554 162 622 1303 1171 490 1852 1119 184 1094 1662 1948 1034 801 20 24 1716 903 43 1429 1184 1074 916 1939 1717 1468 115 900 1972 481 1180 1771 1671 28 1738 562 583 53 392 1383 771 562 965 1054 926 1627 1366 678 1270 462 543 1857 1247 1508 1618 941 1443 540 1952 998 801 809 1645 1386 1774 1686 1085 918 297 1114 1417 162 1348 1370 310 889 9 49 1179 374 586 774 374 1662 203 260 1593 650 20 1155 456 1585 216 1421 1403 805 1434 1943 20 284 1352 940 618 1816 1073 1373 1560 1664 1871 925 973 1239 1113 757 646 935 1181 335 14 1352 405 986 1889 54 315 1934 75 681 1848 1979 1780 574 1928 524 1697 678 1564 806 533 909 1712 275 650 319 1010 669 830 595 52 577 1217 1100 1305 1823 164 1486 1748 1072 374 581 1597 270 244 579 1534 1626 1227 1363 377 1611 1597 1563 516 1334 1400 498 740 1525 260 913 1212 386 251 685 389 1558 536 389 1500 602 99 1327 1259 1485 746 865 1191 215 958 1908 1512 46 1704 1085 858 1087 17 659 1630 1102 1328 788 555 1987 1453 243 1555 938 1855 1111 636 122 435 548 1163 770 990 1339 1946 475 806 747 1430 1817 1491 574 1398 1654 1429 747 800 1657 1155 1059 1417 1657 618 740 658 1680 1390 35 1785 110 17 1470 449 1476 91 1499 470 862 796 1291 1222 1669 1195 1096 281 660 350 1420 1464 934 650 77 25 1293 198 579 1320 1007 1478 1291 859 1366 324 1313 264 448 1007 312 4 1816 1237 414 1965 1994 960 1303 1373 1987 260 475 1298 1700 304 1866 1192 469 1089 488 1438 1586 1374 405 1345 774 1193 1971 1229 946 19 703 697 913 1233 1486 1114 1813 1099 768 1021 1536 804 272 804 488 1896 495 1518 623 8 1357 1639 1653 1799 784 345 583 552 533 571 1372 1584 1809 1429 779 1946 880 901 718 566 1474 425 1395 1531 247 1144 673 1260 1928 1291 710 94 1415 175 1661 497 933 295 1164 596 175 278 468 1814 922 1995 193 1439 519 1711 226 1263 235 691 1065 196 687 504 963 495 1001 1965 662 502 1306 198 1677 1774 976 1732 1491 149 1404 1825 487 1833 1544 1406 1163 1603 971 1321 1011 1646 1703 1972 1577 1373 1862 140 1061 491 1825 989 875 1816 1934 1304 816 1965 1987 513 1392 565 719 938 1987 1381 1312 164 948 330 606 1799 1961 317 12 1739 1536 831 1253 1468 1863 144 1750 1674 885 1028 466 1071 1686 24 868 1808 866 277 899 1095 1035 255 1567 1321 1381 1970 1619 1076 430 1571 1351 935 1441 912 439 1316 688 56 1297 1633 1681 1663 1543 1244 1486 608 135 302 791 1547 123 1406 918 1123 1468 930 914 354 828 732 43 247 1866 1760 1285 1572 836 672 776 56 331 1596 906 231 827 522 1823 614 619 1034 504 1090 1690 1304 1633 27 531 1537 1863 520 254 1328 406 1778 1058 1393 975 1115 786 1044 1950 526 1014 1287 1036 398 342 1452 1772 1530 996 90 130 518 91 191 777 1540 990 1240 1108 1268 607 496 677 486 1941 963 931 257 1824 1203 1251 500 907 12 1125 1819 520 395 1838 937 1227 231 1959 1757 1322 1241 1492 246 594 544 1787 1511 575 1356 1486 652 1574 787 315 1269 695 768 1923 944 1838 1592 1327 780 1095 557 1757 1018 817 697 784 321 976 679 787 1224 1375 1346 918 118 3 237 1328 299 772 60 894 1489 705 205 1191 501 964 1497 238 1589 1172 1990 1723 799 37 1435 518 693 530 1910 569 1914 1178 1941 118 416 780 959 809 875 228 1579 659 1991 1324 1049 1157 1869 1153 979 104 1618 870 1946 1344 606 776 1488 728 123
