problem 1: 3269822 or better
problem 2: 3732794
problem 3: 2050
problem 4: 26000000 or better.
problem 5: 5000000 or better => 4711295 or better. 
problem 6: 30000000 or better => 27006099 or better. 
problem 7: 10000000 or better. => 8879294 or better. 
problem 8: 10000000 or better. => 7453531 or better. 
BsWZ1, ./data/fl_25_2, solver.py, Facility Location Problem 1
rOIP7, ./data/fl_50_6, solver.py, Facility Location Problem 2
Umtuf, ./data/fl_100_7, solver.py, Facility Location Problem 3
gkoSJ, ./data/fl_100_1, solver.py, Facility Location Problem 4
1T4Zv, ./data/fl_200_7, solver.py, Facility Location Problem 5
YjE7f, ./data/fl_500_7, solver.py, Facility Location Problem 6
3hnIJ, ./data/fl_1000_2, solver.py, Facility Location Problem 7
bFCUi, ./data/fl_2000_2, solver.py, Facility Location Problem 8

Please enter which part(s) you want to submit (0-8): 0
Submitting: 
3269821.32 0
7 7 7 7 7 7 6 7 7 7 10 7 7 7 7 7 7 6 7 7 7 7 7 7 7 7 21 7 7 7 7 7 7 16 7 7 11 6 7 7 7 7 7 7 7 7 7 7 7 7 
Submitting: 
3732793.43 0
28 24 19 25 14 15 34 3 9 24 35 42 41 24 49 3 16 26 43 45 45 41 9 34 9 13 19 8 38 24 24 7 9 25 31 33 28 9 28 25 38 40 35 7 2 19 40 25 41 9 34 44 41 18 35 5 9 31 14 35 31 35 44 43 9 4 8 14 25 45 28 33 41 39 42 6 8 35 6 24 40 47 31 24 31 24 24 45 34 9 7 2 5 39 25 35 24 40 31 3 47 6 39 16 31 44 2 16 9 13 8 9 47 35 15 24 43 25 42 16 35 28 34 35 13 5 8 35 18 11 38 39 43 41 47 44 9 41 9 38 38 28 19 9 28 28 42 41 47 9 35 38 29 8 45 49 16 25 26 31 38 5 49 10 7 40 44 29 34 10 2 41 13 31 40 28 35 49 44 33 4 2 16 47 28 9 3 31 11 16 31 25 5 42 13 31 8 40 44 45
Submitting: 
1965.55 0
70 70 70 70 70 70 70 70 70 70 70 70 70 70 70 70 70 70 70 70 70 70 70 70 70 70 70 70 70 70 70 70 70 70 70 70 70 70 70 70 70 70 70 70 70 70 70 70 70 70 70 70 70 70 70 70 70 70 70 70 70 70 70 70 70 70 70 70 70 70 70 70 70 70 70 70 70 70 70 70 70 70 70 70 70 70 70 70 70 70 70 70 70 70 70 70 70 70 70 70
Submitting: 
22724440.73 0
19 68 64 56 64 34 51 51 51 68 19 64 19 64 51 68 34 51 64 68 51 51 56 64 51 51 68 51 34 51 56 68 19 19 48 48 48 56 51 51 48 19 64 56 56 51 51 19 48 56 51 64 51 51 64 64 51 19 19 51 51 56 68 34 51 19 51 48 51 19 51 34 51 64 48 51 68 34 51 64 34 19 34 19 51 56 56 56 48 51 51 34 64 19 19 19 56 51 64 51 64 19 51 68 51 51 19 68 68 19 64 51 51 56 51 48 51 68 51 64 68 51 51 56 64 19 56 48 51 51 48 56 51 51 51 34 51 48 48 19 51 56 51 56 68 68 68 51 64 51 68 51 51 34 51 19 51 51 51 51 51 51 51 48 68 64 34 19 64 51 48 48 51 19 34 51 51 56 34 64 48 34 64 56 51 19 51 68 34 56 51 48 68 68 51 51 51 34 51 51 51 51 19 51 68 56 64 48 51 34 51 19 51 51 64 68 64 19 19 68 68 68 56 48 34 51 51 19 64 51 64 64 19 56 51 48 51 56 51 51 68 34 68 34 64 68 34 64 64 51 56 51 34 51 34 51 51 51 56 51 19 48 51 56 19 51 48 48 19 56 56 19 48 51 51 56 64 64 48 51 68 48 19 19 34 64 51 34 56 19 48 51 51 19 51 48 51 68 51 56 34 56 56 64 56 34 19 64 34 48 51 68 34 56 56 51 34 64 56 51 68 48 51 51 19 51 64 51 19 51 48 48 51 51 51 34 51 64 68 64 51 51 51 68 64 48 19 64 51 34 51 51 56 68 51 51 48 51 19 51 48 51 56 68 51 51 56 19 51 51 51 64 51 56 51 51 68 51 68 68 51 51 68 64 48 64 51 19 51 56 51 51 19 19 51 64 56 34 56 34 64 19 51 51 64 34 48 51 51 19 64 51 64 68 51 51 48 48 51 64 68 51 51 56 64 64 48 68 51 51 56 51 51 56 19 51 19 51 56 64 51 34 48 48 51 64 51 51 56 68 64 51 56 64 68 34 51 64 51 34 51 51 56 51 68 51 51 34 51 19 48 56 34 51 19 64 64 48 68 68 51 56 51 48 51 19 64 68 34 64 64 19 51 48 68 19 56 56 19 51 34 68 68 56 51 48 51 19 51 51 51 56 19 51 34 51 64 48 34 51 64 68 51 64 56 64 51 51 64 48 19 51 48 51 34 34 34 64 51 51 51 51 34 51 68 48 51 56 51 51 51 64 68 51 64 19 56 51 51 56 51 68 51 48 48 51 51 19 51 51 68 64 64 68 51 48 48 68 19 51 68 64 34 19 56 19 34 34 51 51 19 51 51 51 51 48 34 51 34 51 64 64 34 51 56 51 48 64 34 51 19 56 51 19 51 51 68 48 48 56 64 51 56 64 51 19 51 56 51 51 51 68 19 51 34 48 51 51 51 68 34 51 51 64 51 64 34 64 51 51 68 19 19 19 51 34 51 34 51 56 48 68 51 51 51 48 34 51 19 64 19 51 51 68 48 64 64 68 51 51 34 48 48 64 51 64 64 56 51 68 51 51 64 48 51 51 68 34 34 19 51 51 34 51 48 51 34 51 56 64 48 64 51 34 48 19 51 51 51 51 68 68 48 51 51 34 51 51 34 64 68 51 68 51 64 34 68 64 51 19 51 51 56 68 68 19 19 64 19 34 48 64 51 34 64 19 56 64 51 51 64 51 51 19 56 64 19 51 48 34 51 48 19 51 51 56 56 51 51 51 51 51 64 51 51 48 51 51 19 51 34 51 68 56 51 51 56 48 19 19 51 34 51 51 19 64 19 48 56 51 48 68 48 64 64 48 51 48 64 68 56 51 56 64 56 34 34 51 68 19 64 51 64 48 51 64 64 51 64 51 51 68 48 64 64 64 51 56 48 68 51 56 51 51 34 51 51 19 51 19 51 56 68 64 64 19 51 64 48 51 51 51 48 51 51 68 64 64 48 68 19 51 64 64 51 48 51 51 51 19 34 64 51 51 51 51 56 19 51 51 48 68 64 68 51 19 51 51 51 48 51 51 34 68 51 68 56 56 56 51 56 19 19 64 48 19 51 51 68 56 51 56 48 48 51 51 51 64 51 34 64 48 51 68 51 34 51 48 51 56 51 51 34 51 68 48 68 51 34 19 34 34 56 68 56 48 64 48 51 19 68 51 56 56 68 64 48 64 68 64 51 64 51 51 51 68 19 68 51 19 56 64 51 51 64 56 19 51 19 51
Submitting: 
4860391.94 0
155 181 132 66 150 112 116 120 6 161 167 21 35 164 136 183 99 9 35 46 60 85 139 192 167 9 106 118 51 151 68 180 72 175 3 28 20 157 120 114 108 49 59 175 158 35 102 9 123 145 133 18 4 157 90 99 59 3 160 118 183 167 3 26 51 9 25 25 90 198 18 162 146 86 60 118 101 110 159 30 123 132 125 92 9 193 146 62 2 180 18 30 156 186 85 112 141 94 162 90 113 108 149 119 46 118 175 192 140 173 144 99 34 120 43 30 165 112 139 69 117 165 134 106 181 171 180 65 6 197 66 6 150 4 123 155 164 66 49 18 190 60 85 133 69 32 140 146 119 4 158 92 160 165 181 113 176 134 146 146 32 101 41 123 118 32 174 27 133 4 59 135 146 85 49 32 106 179 45 106 167 27 60 94 199 139 177 177 59 151 118 163 178 60 49 26 35 163 179 123 144 68 9 119 176 183 136 86 21 173 49 102 43 25 68 94 4 132 165 116 92 72 175 28 99 62 165 134 175 186 55 177 32 2 160 102 99 6 94 145 85 133 123 118 167 117 62 106 153 152 197 45 151 35 45 133 134 134 172 90 89 27 7 152 43 28 186 144 133 145 198 85 126 153 126 173 4 164 21 132 108 160 137 161 193 45 150 2 163 116 113 123 59 114 117 181 157 167 189 152 151 70 20 21 113 52 145 46 70 150 18 120 175 26 189 2 26 158 190 137 28 199 179 27 116 199 101 28 135 141 116 120 118 198 159 106 25 51 145 35 144 65 134 174 102 170 70 89 161 3 168 69 171 168 69 179 106 135 108 35 125 141 25 89 126 183 126 116 171 79 51 35 34 101 197 156 70 68 156 79 181 193 116 163 66 3 165 119 153 69 51 157 133 89 181 178 161 20 164 178 150 69 174 45 35 180 137 79 190 65 151 79 175 183 193 94 27 113 189 178 139 92 27 120 181 159 70 198 197 151 145 120 155 144 68 170 69 52 153 159 186 188 6 3 159 43 85 125 3 60 18 99 7 9 139 183 94 173 190 26 188 34 7 165 132 173 65 159 167 136 85 27 137 26 46 152 25 25 65 170 141 126 70 144 101 113 102 144 68 137 113 89 171 30 141 162 135 146 3 172 132 186 46 144 186 52 69 119 161 188 149 144 45 89 45 176 65 197 162 176 62 41 102 65 175 7 188 123 180 9 21 119 178 3 144 27 159 7 45 186 144 45 70 177 168 173 170 62 120 60 72 160 145 193 192 177 2 167 70 158 139 135 161 186 173 86 6 108 92 146 94 66 101 62 55 32 92 176 106 34 72 168 135 41 68 149 198 180 151 137 28 160 134 89 172 176 140 43 146 158 157 114 160 139 114 183 125 66 197 188 46 171 183 183 192 3 119 141 108 108 171 72 43 164 112 6 137 176 4 177 32 192 3 165 26 181 135 60 101 179 179 72 149 199 192 198 180 174 94 49 134 174 199 110 72 197 162 179 92 68 173 174 193 167 25 41 2 28 170 106 158 106 141 133 43 51 26 41 193 21 72 60 46 126 136 45 136 30 170 86 178 197 117 158 178 59 85 167 158 66 34 168 110 32 62 41 55 153 199 3 123 114 159 51 2 21 110 72 21 157 51 180 101 173 164 118 4 43 52 59 90 136 9 34 102 52 51 60 186 34 60 179 60 150 151 144 28 189 137 153 161 30 69 139 94 150 157 168 9 125 79 134 116 173 172 140 94 43 52 136 158 133 133 170 190 51 152 92 32 175 113 112 150 59 26 189 112 141 156 161 28 190 199 108 178 79 65 114 162 190
Submitting: 
29258308.55 0
259 33 359 468 413 13 239 76 427 113 237 330 342 307 277 112 394 92 157 402 92 471 187 74 378 272 194 330 484 427 489 300 402 453 190 186 455 39 416 9 214 490 98 470 338 484 343 458 276 104 498 308 5 444 372 308 98 391 313 9 178 167 394 458 366 167 239 50 92 402 104 241 6 366 9 10 346 91 38 112 50 138 178 475 158 190 373 162 445 302 388 390 444 186 26 381 57 335 152 431 450 397 67 417 142 498 480 277 21 45 412 299 489 381 389 145 221 490 343 129 72 289 470 359 399 224 453 359 13 355 433 45 495 394 26 215 443 460 57 384 155 475 444 125 69 486 9 10 458 198 332 438 418 50 209 394 494 152 256 125 69 141 474 449 33 399 123 6 425 455 324 299 92 309 53 298 128 223 458 156 436 480 399 177 462 257 39 433 354 85 373 143 439 163 239 145 98 384 11 100 483 449 343 423 38 302 137 78 455 389 497 475 305 320 114 43 498 61 94 446 340 438 64 77 423 225 324 356 260 111 455 38 499 470 225 69 94 94 39 343 366 39 372 138 439 325 6 26 382 403 93 430 193 98 489 272 22 138 224 355 77 91 366 163 413 413 91 143 499 355 93 155 468 145 221 194 50 308 276 219 13 312 416 141 113 308 382 15 495 445 408 412 389 430 13 309 444 26 495 342 203 147 226 458 484 40 15 38 136 162 495 355 495 324 17 18 377 167 309 309 436 142 403 64 377 390 18 490 458 221 93 388 359 438 429 261 40 35 450 72 485 9 136 219 374 429 344 9 238 335 10 26 429 321 355 163 300 100 403 214 128 340 216 162 10 100 207 390 450 289 92 378 496 414 488 449 298 313 158 443 427 485 53 335 259 155 399 112 221 157 470 330 14 433 156 215 175 489 313 127 389 187 433 499 187 5 342 346 91 100 223 462 142 335 224 490 276 312 100 57 137 98 147 354 371 130 210 221 237 302 253 14 447 43 493 330 374 40 342 229 448 377 444 300 497 152 156 203 0 467 77 77 130 497 425 136 381 224 261 307 297 239 343 72 157 16 194 276 40 39 127 61 91 403 474 64 26 6 320 325 472 136 340 129 261 149 421 57 369 289 21 104 177 465 330 313 130 344 394 308 18 163 477 69 483 367 444 472 38 373 240 43 152 17 61 22 381 477 458 142 67 484 464 384 263 214 342 43 321 404 414 448 253 301 223 412 325 210 469 161 361 237 260 382 22 402 137 113 367 309 16 390 13 33 215 145 39 408 125 448 45 203 309 92 216 361 137 221 443 429 260 78 360 346 260 483 309 94 155 125 449 355 384 468 343 474 219 93 250 445 77 186 343 261 158 272 5 45 155 207 456 299 397 104 11 18 366 16 388 438 145 143 175 229 423 439 55 433 381 371 448 475 104 22 43 335 39 143 423 325 33 69 467 436 483 260 495 186 129 263 377 217 421 371 494 91 15 193 414 239 149 302 408 488 238 488 147 289 330 484 495 361 404 442 389 438 67 456 129 413 354 413 402 388 224 14 381 208 468 367 308 373 307 371 437 260 111 18 325 321 187 208 158 272 162 340 499 130 446 104 404 123 78 427 241 272 241 483 427 143 256 307 138 320 430 439 483 157 5 477 149 256 325 394 494 177 215 259 16 381 61 112 6 137 225 40 187 499 361 26 444 78 26 414 284 78 61 346 230 417 356 298 260 282 366 215 156 493 456 9 142 198 397 455 198 397 130 486 384 354 448 10 305 45 145 16 226 413 381 446 215 253 346 260 167 499 18 78 250 447 15 395 39 453 469 113 221 55 39 462 214 382 104 499 446 156 489 388 468 430 282 367 367 335 467 354 498 78 55 474 372 10 239 483 343 64 237 335 53 257 338 446 472 123 257 250 158 460 18 442 418 69 43 40 142 215 238 470 309 261 470 472 175 277 453 446 123 475 260 276 187 343 344 21 437 210 359 50 158 356 343 495 0 421 229 472 33 111 307 203 360 21 57 340 138 332 495 149 77 16 298 298 301 360 414 209 215 439 92 470 186 413 155 259 448 277 282 141 157 177 156 155 187 277 130 250 125 186 216 238 230 395 57 67 343 467 456 114 282 0 497 442 414 163 359 494 230 45 485 85 69 431 408 360 456 416 138 237 263 40 208 297 215 22 471 127 359 494 477 471 43 198 6 403 490 169 465 186 448 342 412 448 142 210 272 43 312 224 169 240 217 499 443 55 397 114 272 127 169 382 35 207 498 259 203 13 94 45 61 335 72 477 229 495 477 489 344 142 436 6 356 361 494 240 145 464 142 455 437 237 0 477 361 223 217 186 436 5 321 178 391 284 397 320 382 456 418 460 308 374 100 456 418 125 163 10 342 470 361 448 130 98 39 229 355 16 486 444 38 472 371 13 111 404 142 289 217 467 493 453 240 111 100 277 356 43 33 15 64 16 498 142 408 388 93 367 224 477 299 21 61 302 462 93 18 0 158 178 113 5 22 485 104 453 113 496 112 450 436 114 464 256 359 238 412 465 462 177 14 437 488 475 149 256 433 210 13 229 240 320 346 85 330 136 156 9 93 69 276 55 377 10 313 61 497 11 430 155 430 399 214 250 57 125 57 356 486 498 494 198 123 458 275 67 38 55 330 403 480 255 342 225 259 367 470 209 5 431 210 377 76 456 474 361 483 207 302 395 152 256 55 344 67 214 177 480 366 17 417 147 354 470 445 77 67 113 217 157 203 10 390 477 486 186 342 421 475 436 447 436 22 404 275 490 395 194 221 137 225 9 346 92 155 142 465 397 425 157 255 433 414 250 111 214 282 207 496 299 226 384 217 483 194 489 390 229 378 470 26 340 93 257 55 412 389 438 64 15 408 431 136 157 238 9 332 128 221 449 302 275 475 355 208 129 216 324 447 497 113 332 187 404 57 489 14 255 356 332 460 423 156 355 429 342 488 416 493 460 100 453 312 127 469 284 209 484 226 230 305 128 471 214 77 374 129 338 98 261 360 186 226 92 35 377 342 61 300 343 239 167 15 462 460 325 330 486 382 275 320 98 145 6 343 450 253 498 313 50 67 391 57 162 239 309 15 149 390 330 377 474 438 114 359 462 64 276 465 255 309 382 11 427 312 210 230 321 394 390 64 408 256 224 14 187 261 335 77 175 412 355 453 162 240 158 480 445 313 163 305 40 431 203 382 489 381 443 394 186 145 356 209 404 53 40 10 215 464 416 137 369 136 128 187 485 439 223 230 366 494 437 156 38 137 141 143 15 230 309 92 194 340 324 437 5 413 155 100 430 78 11 113 263 69 394 489 10 499 253 474 216 45 302 360 237 444 498 448 169 76 374 21 111 64 198 78 497 55 416 22 53 446 490 209 256 468 446 458 26 307 16 91 38 430 226 10 263 483 443 260 462 324 361 472 16 360 111 98 69 125 450 297 444 155 255 219 449 147 346 312 250 395 462 490 152 257 477 464 162 320 307 308 462 455 346 203 439 142 223 299 308 418 377 389 17 57 388 92 460 497 93 456 253 456 241 39 335 43 76 418 145 187 359 412 215 488 455 240 374 10 260 356 5 485 468 421 297 241 239 305 147 263 15 359 298 378 308 161 289 471 93 0 289 471 416 14 112 332 486 489 321 253 276 50 194 129 477 93 257 354 147 470 308 444 17 417 239 429 240 298 391 404 229 369 207 61 356 308 45 446 346 113 371 382 272 238 216 67 238 450 16 91 77 263 496 448 374 50 22 198 85 225 390 366 302 494 445 10 449 449 178 388 444 321 354 15 381 137 377 467 219 215 240 394 216 484 312 416 369 263 488 161 277 203 494 388 391 412 104 26 462 94 45 455 74 359 361 442 342 167 92 224 167 307 308 0 64 438 145 229 178 111 240 371 275 403 217 397 403 381 81 475 94 443 433 272 330 92 39 395 17 33 33 229 16 18 408 484 5 100 250 26 50 369 355 369 402 359 371 394 156 427 26 402 143 40 371 488 221 33 447 302 388 229 320 137 104 18 471 93 40 100 320 219 240 496 53 484 464 100 436 190 39 186 394 76 221 138 253 11 128 456 35 155 431 388 342 104 488 14 259 230 485 453 167 299 338 338 343 85 439 276 162 469 308 369 277 223 178 77 447 277 91 449 113 402 467 416 223 390 259 161 418 394 127 35 198 104 223 446 499 313 302 384 156 430 391 127 367 193 6 136 354 158 467 187 308 399 208 276 17 489 0 467 18 418 104 456 489 483 98 53 417 298 449 469 111 209 193 458 425 430 230 208 408 214 61 55 157 16 127 175 78 43 259 136 225 394 471 241 177 198 483 155 483 38 123 93 446 219 13 472 355 221 335 203 455 367 474 178 10 238 456 332 57 470 214 332 261 33 489 399 367 18 11 497 439 14 130 455 397 77 395 93 26 240 112 207 485 390 427 430 15 360 431 298 203 100 439 237 123 15 456 92 149 61 439 55 152 408 465 378 50 219 94 308 190 499 404 91 21 85 224 229 216 413 100 382 226 272 141 255 456 226 123 114 223 256 229 35 404 444 325 13 433 81 480 342 309 250 6 335 167 436 484 186 241 354 216 436 57 413 458 167 198 39 187 373 145 458 224 215 190 373 442 448 112 433 186 413 203 321 384 484 360 259 449 330 474 11 335 488 17 257 14 496 354 0 469 272 447 342 26 219 125 488 177 391 275 305 138 5 445 163 209 418 417 53 480 123 433 241 16 367 397 346 437 297 367 468 15 169 216 16 256 460 239 123 312 193 456 423 259 390 11 33 208 226 175 367 395 399 297 446 307 128 289 458 64 112 226 98 276 13 128 307 276 372 169 313 230 178 425 374 224 128 282 469 72 104 157 14 76 471 272 374 18 92 223 162 130 14 167 175 416 169 53 40 433 302 332 453 152 433 78 98 282 16 255 275 284 237 494 92 61 475 250 338 272 194 371 55 214 257 141 389 374 284 309 427 343 190 465 14 237 217 469 0 9 111 16 289 239 45 92 190 471 240 129 193 18 114 147 499 442 489 193 223 64 403 74 40 13 397 137 313 464 470 91 100 382 423 371 450 448 198 35 129 61 480 81 297 14 53 394 355 444 53 275 257 307 320 367 413 85 143 219 308 219 312 91 40 298 78 259 186 257 367 309 10 384 33 467 217 33 321 450 346 123 208 141 489 469 178 74 11 394 284 81 340 330 449 219 35 263 399 263 486 69 335 260 130 77 190 239 261 284 61 430 430 494 94 143 485 260 275 152 26 157 282 190 399 21 208 143 223 175 449 421 369 448 344 152 324 344 377 423 104 130 207 64 388 158 430 259 391 224 330 495 497 313 417 113 217 437 39 418 215 340 455 215 112 138 302 260 100 257 230 403 276 123 320 373 394 390 203 468 427 177 128 13 21 123 445 72 147 382 313 462 167 399 178 443 338 305 468 157 186 445 444 208 418 332 208 437 94 427 472 21 367 335 494 373 289 250 442 455 453 113 416 298 402 284 403 239 214 219 130 223 468 193 277 226 18 366 275 17 253 209 272 22 145 320 498 425 217 57 50 113 373 436 494 72 198 369 399 253 394 43 483 57 210 468 374 460 43 462 361 76 33 443 143 312 455 125 147 223 55 289 486 493 145 282 423 223 427 226 416 241 259 448 413 381 260 443 289 493 284 443 5 449 450 98 465 470 372 431 127 446 241 442 157 300 340 436 495 495 137 123 114 423 17 425 366 113 493 394 342 498 450 253 489 477 127 307 91 307 216 221 33 178 256 313 64 340 402 137 193 302 321 307 33 255 436 22 361 489 253 161 186 412 394 229 366 208 214 187 298 186 81 438 210 417 190 499 462 372 324 493 374 423 92 53 217 230 207 158 141 0 276 55 450 373 145 178 391 78 425 369 11 465 480 259 464 465 346 325 215 76 187 469 384 57 429 381 414 462 208 297 261 388 45 14 21 313 471 474 301 35 11 91 493 340 76 187 250 300 226 442 190 5 207 470 430 221 360 21 486 395 209 187 436 225 250 193 22 152 284 438 356 9 177 125 494 360 226 162 147 438 156 155 325 61 453 468 260 467 446 123 45 346 127 443 342 330 382 250 39 448 152 226 239 187 53 468 499 216 175 257 94 157 458 125 483 381 480 112 408 324 402 289 301 6 256 276 219 374 260 209 450 74 421 263 125 129 38 388 443 338 155 81 241 35 324 356 175 216 373 69 485 127 431 302 499 312 391 361 431 141 367 230 123 421 223 225 412 403 72 418 460 127 490 340 237 307 305 64 453 493 215 360 11 377 138 486 216 438 261 125 404 480 230 369 412 460 472 157 85 214 449 344 369 175 320 209 284 61 367 480 313 307 470 346 175 367 217 301 416 372 77 425 74 284 437 239 486 111 76 471 413 57 472 460 216 489 469 130 297 464 284 438 18 91 127 98 430 240 284 161 471 408 253 344 21 11 209 437 259 18 128 366 229 156 423 377 421 22 429 397 157 61 98 493 13 190 465 61 443 344 43 447 448 493 85 10 67 399 85 186 261 477 418 325 496 55 64 257 253 305 22 216 256 237 418 469 416 219 5 378 112 39 332 241 250 81 226 412 161 38 373 338 255 167 193 480 493 91 297 325 300 416 343 74 5 416 22 388 226 22 253 225 486 388 161 216 277 402 240 130 325 430 193 465 369 417 112 465 338 215 436 250 330 496 257 377 277 408 467 389 129 465 300 465 382 330 445 480 203 381 223 203 465 136 6 21 92 255 490 253 299 198 167 194 239 489 402 224 85 378 207 414
Submitting: 
9545965.41 0
518 110 674 497 96 757 393 697 743 485 778 832 169 958 411 172 728 494 669 559 805 867 741 673 509 738 829 14 444 814 773 842 257 397 976 753 844 552 538 699 714 678 521 104 535 678 817 329 435 204 821 469 295 31 578 457 391 688 930 999 781 788 823 884 599 907 596 580 961 912 804 306 873 505 650 552 431 209 471 402 650 584 521 427 106 501 959 187 607 727 949 653 958 7 959 766 658 296 962 594 408 339 919 73 929 961 962 625 534 837 735 596 666 610 78 499 306 814 379 541 127 885 257 496 912 415 803 954 607 938 497 665 836 822 479 517 987 479 720 235 976 679 411 982 743 780 346 988 869 123 545 661 958 479 705 324 457 978 804 114 844 668 858 437 457 842 538 208 925 885 286 388 567 601 636 886 757 566 7 496 119 910 731 796 763 397 699 641 831 821 832 960 175 22 989 26 734 558 999 963 696 187 670 696 976 710 556 497 379 880 817 780 176 750 875 478 329 885 455 987 449 684 204 874 670 157 216 463 803 54 8 682 741 953 711 694 985 490 553 94 518 661 940 735 306 984 444 538 437 714 713 792 273 827 264 951 259 848 688 657 698 788 805 830 947 598 848 394 455 575 735 240 992 476 977 772 371 772 753 362 574 867 393 509 230 673 60 982 22 364 984 175 809 273 246 765 823 464 233 610 279 54 567 128 895 941 459 757 917 891 514 287 368 295 494 564 972 78 858 849 514 821 791 716 791 937 863 786 324 594 96 466 379 402 437 361 816 192 747 235 376 687 488 501 747 973 970 633 535 909 586 938 716 564 852 169 774 574 723 774 781 265 856 342 875 809 602 781 475 497 95 852 780 740 144 776 982 940 508 104 47 546 738 891 698 833 47 541 575 172 931 339 969 727 886 453 907 890 8 963 279 653 548 612 568 74 233 919 977 744 279 185 951 861 340 933 293 544 92 478 848 14 848 936 351 629 210 909 415 444 141 119 73 854 524 987 770 983 834 829 838 904 971 910 223 776 705 394 936 687 890 39 343 384 293 772 823 960 989 391 579 670 210 713 539 229 880 295 60 955 340 813 574 394 225 669 246 928 837 625 575 817 517 365 125 746 961 548 346 264 356 377 110 923 920 869 625 380 619 635 973 431 936 801 797 406 544 611 576 356 796 14 187 254 209 966 840 479 339 679 62 728 324 475 639 971 340 665 972 128 354 539 517 152 783 493 910 363 883 974 225 287 976 127 552 579 989 778 794 532 584 633 849 488 343 925 628 773 704 402 666 216 636 514 681 960 484 362 566 937 881 600 26 867 883 885 427 796 395 690 661 720 918 233 583 763 438 204 751 611 772 380 598 361 95 229 802 750 494 146 676 559 273 208 781 286 524 852 51 869 363 698 949 911 365 574 653 30 903 621 95 904 534 816 391 553 960 948 734 259 974 816 512 666 984 406 546 707 497 990 977 655 794 695 920 824 329 641 791 953 684 899 175 824 747 648 499 704 30 775 635 185 545 14 746 631 351 818 682 676 360 391 716 223 776 208 843 233 727 770 949 217 885 590 983 782 590 938 408 884 466 830 641 960 384 235 861 763 963 51 817 406 455 855 926 493 804 833 736 887 384 999 351 490 893 692 697 856 466 104 674 356 699 636 608 169 778 972 259 475 364 51 928 775 926 541 744 880 830 480 251 346 657 929 633 476 418 985 477 992 802 217 967 431 783 259 150 533 679 696 947 805 678 735 273 788 533 594 127 125 530 8 738 699 406 612 602 586 469 532 802 368 371 695 329 453 671 394 233 658 532 830 205 988 736 388 590 564 827 512 989 625 840 541 951 858 920 909 488 257 584 457 499 537 518 707 786 596 556 141 843 466 363 30 751 336 240 698 818 537 887 123 506 307 562 364 546 435 977 655 800 681 537 506 954 671 711 891 765 831 442 849 31 988 144 734 114 931 723 167 681 402 157 150 824 553 750 810 493 610 173 775 293 711 863 427 568 7 488 985 376 961 471 710 669 514 307 564 602 548 765 984 94 600 92 983 810 329 575 494 855 926 874 566 690 194 533 567 395 514 972 674 287 890 813 426 926 463 854 822 694 342 395 954 690 376 209 887 442 94 832 843 980 746 391 96 22 78 368 92 871 954 194 601 512 95 537 548 362 880 648 989 418 856 837 293 194 192 339 933 336 539 697 831 185 415 600 505 530 988 641 687 343 411 925 967 426 306 342 687 259 829 589 512 453 750 39 978 485 871 859 840 923 210 477 110 394 351 801 740 929 669 508 731 986 697 822 590 114 874 855 383 676 912 783 619 955 146 628 254 891 368 855 746 671 552 661 150 887 796 484 402 415 965 418 670 766 941 911 602 810 901 916 692 953 426 904 506 814 393 532 827 119 918 979 152 625 937 563 62 938 679 809 740 834 840 51 380 524 110 962 881 936 857 767 859 674 874 895 728 431 628 917 875 458 969 986 506 194 426 230 970 431 875 254 807 548 923 831 106 192 727 803 848 807 176 455 499 817 205 885 911 728 837 599 970 524 377 929 496 786 377 340 576 152 521 995 854 822 858 692 743 803 225 916 873 478 383 792 803 979 941 714 925 26 967 978 995 791 707 869 688 209 545 235 829 734 692 767 977 842 735 490 907 408 374 246 576 534 995 805 464 666 899 459 256 265 957 835 563 816 265 352 74 838 814 631 883 466 655 863 246 827 175 867 696 475 933 558 884 539 648 176 204 918 835 955 541 256 940 810 567 947 427 583 679 747 505 635 73 496 753 229 893 903 293 899 229 442 973 665 175 251 723 948 580 144 886 125 631 62 583 695 356 123 871 738 296 813 157 240 773 336 957 229 844 602 352 146 497 546 599 794 909 821 893 832 409 948 62 354 7 256 886 409 579 264 731 480 923 579 809 514 295 14 930 639 563 251 409 286 583 720 265 576 438 938 501 354 594 397 485 770 364 521 751 499 801 354 852 948 682 92 782 648 886 146 959 368 797 583 765 123 763 802 374 172 805 127 895 899 744 360 999 928 96 736 959 948 980 849 919 406 901 611 442 977 901 535 438 141 965 518 966 457 653 491 449 517 767 770 982 986 695 818 937 987 767 818 859 580 816 843 464 697 586 458 530 501 857 286 757 39 694 530 936 477 782 650 74 217 665 766 875 844 230 205 979 104 343 628 767 668 173 458 621 869 788 295 629 834 596 678 418 849 969 574 916 578 601 223 480 596 792 365 459 920 884 931 778 352 903 907 559 986 484 780 772 251 958 608 204 411 194 374 797 104 809 612 940 384 216 346 31 629 459 371 546 836 930 628 679 823 930 857 279 559 824 251 883 783 832 849 475 804 598 435 478 951 578 485 835 710 919 696 992 835 408 881 681 963 893 584 469 22 731 208 690 488 128
Submitting: 
8577952.01 0
1701 1867 1363 1698 335 252 1344 1862 1834 1650 1878 1545 1701 1280 987 1782 1776 1460 935 1531 1636 1604 1553 1712 1287 1642 1059 1982 1804 1391 744 1041 1916 1765 1553 1363 430 1539 595 1285 1327 1639 1407 1697 1171 1751 1702 1074 1266 1279 1538 1778 586 783 1439 1491 1672 1563 1774 1777 1869 1562 1911 1651 1169 1436 1214 776 787 1058 1990 1818 1072 1120 1469 911 1882 1656 946 1658 1625 1869 1484 1003 1020 1715 1939 614 1376 1511 1807 1787 1415 1038 1357 1748 1702 1782 1247 1717 848 1771 1035 1383 583 1240 1242 1238 1334 1702 1038 1609 1625 1955 1440 1336 1683 1267 1562 998 1221 1618 1825 1483 1482 1382 1303 1792 1520 1427 1204 1728 1698 1257 1511 1961 1646 1637 1494 1846 1176 1257 1441 1556 1506 1502 536 1823 1583 1869 1890 1461 1004 1619 1038 1597 1841 536 1772 1483 1906 1961 1534 1783 1269 945 1452 1712 1873 1719 1212 1538 1675 914 1121 1587 1963 1577 1319 1948 1362 783 1127 1751 1534 1802 1701 1453 1960 1911 1036 1364 1614 981 430 1246 1178 1717 1682 1382 1704 1972 870 1169 1251 1979 1176 1123 1664 1809 1501 1838 1556 1470 906 1102 1910 1345 1584 1621 1458 1221 1313 1186 1837 1980 1501 1538 820 1564 1474 1391 1461 1741 1239 1873 1277 533 1500 1268 1579 1553 1428 1948 1299 1213 1407 1508 1817 1681 1641 1291 1250 1947 1688 1479 1607 1382 1744 1492 1338 1657 1597 1489 1780 1430 1234 1335 1593 1155 1736 1819 1297 1941 1011 1672 1494 1966 502 881 1980 902 1735 1804 1689 1230 1320 1483 802 1655 1248 1188 1661 1979 999 1242 1046 1682 1299 945 1792 1601 1473 1539 1637 1653 1393 1402 1025 1940 1680 1667 1277 1951 1715 963 1117 1881 1323 1619 1488 929 1698 1782 1065 1215 1301 1972 1178 1513 1173 1095 1700 1060 1224 1320 1123 999 430 1158 1661 1596 1309 1738 1414 1686 1549 1894 1372 1750 1460 1996 1750 1751 1916 1683 1519 945 1539 1716 1640 1989 738 1530 1171 1824 1997 1982 1521 1927 1336 1303 1772 1909 835 1228 1782 1667 1269 1802 1364 1614 1513 1169 1550 614 1803 1112 1677 1736 1546 874 544 1386 1506 883 1744 1513 976 1997 820 1244 1296 1580 1623 1837 1421 562 1062 140 1464 1889 1963 1280 1262 1601 1776 1041 1670 1513 386 1996 1723 184 1304 1520 802 1338 1642 662 1306 1223 1879 1191 1589 787 1625 1317 1213 749 1538 881 1993 1805 931 1463 971 870 1350 1920 1385 1824 1960 1807 1751 335 956 1683 1889 1909 1398 866 1824 899 1301 1362 1344 1669 1204 1717 1267 1400 1868 1698 1568 1678 1458 1173 1647 1963 1781 1260 1059 1908 1637 981 1568 1896 1943 1633 1963 874 866 858 1601 1514 1656 1390 1602 1744 496 1249 618 1642 1362 1656 1158 944 1546 1501 1885 1966 1428 1312 1991 1188 1755 1249 1894 1713 1414 1863 1854 1501 738 1060 1456 848 1461 607 1532 1674 1592 1792 1521 1885 1880 1181 1920 1203 1746 1266 1841 958 1335 1602 1415 1879 1940 1884 1357 1960 1400 1434 1621 1767 1562 1234 1221 1397 1173 1584 1765 1690 1864 1054 618 1254 1525 1206 1222 1250 1658 1754 1670 1958 1589 1637 744 1303 1393 1127 771 1854 1990 1951 1893 1611 1562 1461 1624 1532 1903 945 1681 1737 1266 1262 1671 1430 1355 1372 1808 1502 1452 1691 1977 1404 1525 1879 1546 1685 619 1485 1514 1456 1695 1792 252 1693 1279 1678 1322 1733 1221 1301 1346 937 1321 1494 899 1947 809 1279 1025 654 1608 1625 1723 1624 1739 502 1781 1172 1494 1685 1215 1528 1400 1671 1032 1958 1736 1501 1867 1857 1004 1695 1955 1966 1176 1695 1716 1350 1025 1517 1035 1741 1741 1700 1163 1570 1279 1318 1209 902 1238 1629 1323 1809 1686 1403 1044 184 1689 916 1473 1242 1203 1224 1873 1583 1754 1090 1003 1350 1062 802 1556 1695 1158 1653 1087 1497 1036 1741 1306 1703 1323 1397 1439 1478 1614 1883 1833 1404 1748 881 1472 1739 1385 1135 1338 1746 1026 1903 1787 848 1463 1217 1991 1026 1793 1919 1663 1663 1866 1289 1420 1536 1327 1664 1645 1906 1609 1336 749 1607 956 1234 1762 1537 1997 1036 1864 1046 1883 1482 1038 1328 184 1216 1927 1903 1605 1519 835 1409 1971 1397 611 933 1702 1762 1726 1738 1580 1230 1961 1568 1607 1463 1993 1869 1391 1854 1230 1248 1332 1142 1445 1920 1215 1848 1456 1367 883 1332 1585 252 1579 1318 1698 611 1650 1334 1754 874 1696 1871 848 1712 1145 1772 1153 1521 1996 1209 1403 1704 1497 1260 1662 787 1647 1062 1508 1305 1120 1783 1950 1168 1334 1675 1948 1020 779 1881 1783 1445 1421 1414 1746 1536 586 1512 1804 1549 937 1492 1635 1833 1627 1685 1392 1803 870 1209 1299 1489 1364 1657 1145 1041 1193 1711 1508 1439 1890 1492 654 1046 1754 802 1967 1127 1713 1152 502 1112 858 1296 1548 906 1254 1248 1893 1990 1022 243 1512 1965 1772 595 1545 1590 1672 1867 1794 1249 1880 1605 1312 1497 1303 1987 1726 1209 1793 1645 1735 1650 1398 1011 1254 1297 1394 723 1041 1324 1440 1435 1268 1693 1871 1514 1590 1910 1186 1309 723 1120 1602 1515 1469 1623 956 1123 607 1640 536 1332 1469 1818 1585 1636 1736 1833 1901 1350 881 1119 1227 1883 1102 1317 1697 1958 1251 1121 1884 586 1060 1548 1593 1767 1020 1436 1571 1135 1515 1434 1920 600 1655 1689 1701 1441 1919 1916 1658 1032 1817 544 1651 1950 1889 1040 1572 944 1934 1479 1320 1090 1270 1424 1779 1247 1230 1816 496 1586 1484 687 1914 1635 964 1228 1004 1855 1065 1214 243 1301 1346 1394 1472 1395 1908 1367 1818 1602 1590 1755 1733 1583 140 1647 1316 1989 902 1878 1611 989 1355 1959 835 1338 1394 1117 1383 1633 1470 1779 1914 1538 1332 1888 1102 1577 1693 1779 1040 1270 1306 1414 1711 1862 658 1173 1445 1435 1152 1206 1483 658 1653 1747 1324 1500 1007 1571 1336 1570 1857 386 987 1026 1854 1468 1085 1701 1406 1641 1301 914 611 1186 1880 1659 1909 1445 611 1186 989 1755 1319 929 1242 987 1436 1203 1767 1746 1144 1567 1424 1316 929 1666 184 1206 1955 1224 1982 1473 1511 1696 1844 1239 1587 1488 687 827 1460 1658 1967 1287 1731 1324 1499 1629 1515 1587 1662 1117 1731 1888 1781 1407 1726 1142 1350 944 1560 1135 1655 1361 1484 1846 1424 1049 1638 335 918 1188 562 1901 1621 614 1246 1884 1119 1893 1361 1989 1044 1846 1844 1398 1009 1392 389 1781 1188 883 809 1661 1666 1747 1289 911 1394 1682 1943 1366 1570 1970 1645 1386 1670 1715 1277 1230 1064 1604 1728 1356 1669 1680 1530 1344 1682 1339 1711 1837 1748 744 1970 1977 1519 1348 1560 1181 911 1393 1267 1629 1737 1345 1956 1605 1485 1339 1779 1127 1474 1267 586 1803 1319 1852 1871 1394 1502 1919 1420 1666 1179 1054 1424 1805 1550 1911 1222 1049 1436 687 1952 1956 662 1563 1212 1852 1280 1435 1316 1979 1550 1367 1390 1512 1818 1572 874 1749 1778 1440 1367 1672 1783 1910 1994 1296 1881 1568 1639 1346 1636 1546 595 1777 1635 1923 1574 1896 1022 1681 1409 1629 1879 1525 1479 1142 1373 1596 933 1848 780 971 1244 1171 1640 1852 1119 184 1750 1662 1948 1732 738 1428 1421 1903 1168 1882 1429 1348 1074 916 1939 1717 1468 1430 1319 1972 1193 1003 1771 1671 1787 1738 562 583 989 1703 1383 771 562 1611 1054 1464 1627 1366 1438 1270 744 1609 1857 1247 1508 1618 1952 1443 998 1952 998 738 809 1645 1386 1774 1686 1085 918 1834 1608 1994 1691 1348 1808 1395 1438 899 1814 1179 1427 586 1749 1427 1662 1747 600 1593 1882 1630 1155 1144 1585 1087 1421 1403 1794 1434 1943 1630 1762 1783 1948 618 1816 1228 1373 1947 1664 1871 1765 1409 1239 1583 1956 1685 935 1181 913 916 1352 1009 1402 1889 1062 1601 1934 827 1262 1848 1979 1780 918 1928 1213 1697 1397 1564 1911 533 1663 1712 1587 1896 1356 1627 1022 1755 595 1564 577 1335 1906 1305 1823 654 1486 1748 1072 1026 1802 1597 1222 1793 1728 1534 1808 1216 1363 1489 1611 1597 1563 1910 1334 1400 1152 1852 1525 335 913 1212 386 1312 1381 389 1593 536 389 1440 1777 1234 1327 1528 1485 1500 1560 1191 1577 958 1908 1512 1585 1704 1085 858 1087 1592 1638 1630 1102 1328 1794 1793 1987 1453 243 1555 1993 1855 1172 1825 1395 1121 1690 1163 1719 1928 1339 1946 835 1556 1621 1430 1817 1491 958 1398 1580 1429 1214 1951 1657 1155 1059 1623 1657 618 1941 658 1680 1390 1939 1799 1011 1596 1470 1884 1586 1995 1499 1145 1834 1181 1914 1222 1669 1163 1096 1713 1651 1911 1420 1464 981 1896 1214 687 1512 1688 1880 1320 1007 1478 1291 1142 1366 1572 1313 1646 916 1007 1680 820 1816 1237 1025 1965 1994 1664 1303 1373 1987 600 1298 1298 1700 1855 1866 1958 1356 607 595 1438 1586 1995 1804 1345 1749 1193 1971 1995 946 1667 1867 1972 913 1669 1486 1608 1813 1807 1950 1528 1536 1880 1427 1880 1054 1896 1819 1943 1461 1506 1357 1639 1653 1799 1646 1674 583 1841 533 1690 1372 1584 1809 1429 779 1946 1060 1659 956 1738 140 875 1395 1531 1072 1144 1819 1260 1928 1291 1980 1621 1415 1967 1661 1223 933 619 1537 1691 738 1266 1940 1814 1667 1995 1062 1439 1289 1711 1443 1916 1238 1855 1065 1443 687 1642 243 1555 1805 1965 662 502 1306 1688 1266 1774 976 1732 1491 1697 1404 1825 1391 1833 1719 1406 1163 1939 971 1321 1011 1646 1703 1972 1577 1390 1862 140 1651 1537 1825 989 875 1816 1934 533 1762 1965 1987 1882 1392 1158 1499 1382 1987 1381 1312 654 1777 1960 1802 1799 1961 1814 1032 1739 1536 1003 1951 1468 1863 1385 1750 1674 1881 1058 658 1726 1686 1445 1223 1808 866 1472 899 1095 1035 1472 1567 1153 1381 1970 1619 1545 430 1352 1894 935 1441 946 958 1316 1878 1584 1297 1633 1681 1663 1604 1244 1486 1739 1885 1920 1704 1956 1277 1406 918 1123 1468 1638 1776 1647 1239 1683 1882 1072 1866 1760 1285 1572 1296 1767 776 1285 981 1596 906 1731 827 1499 1823 614 619 1732 1642 1090 1690 1304 1633 1217 1567 1537 1863 1813 1298 1328 1633 1778 1058 1376 1696 1060 1402 1044 1950 1270 1553 1287 1036 1555 1119 1452 1772 1530 1478 1548 1923 1087 1355 1438 1585 1479 1064 1240 1888 1268 607 496 1296 1574 1941 1519 931 1212 1824 1203 1251 1844 1866 1517 1435 1819 1813 1592 1838 937 1227 1568 1959 1677 1322 1513 1492 1624 1112 544 1787 1511 1470 1356 335 1520 1574 787 1675 1269 1548 1982 1923 944 1838 1592 1327 780 1095 1044 1677 1837 1604 1760 1155 1313 963 1096 787 1224 1517 1346 918 1656 1223 1719 1328 1771 1277 1704 1257 1489 999 1955 1191 1382 779 1497 1737 1589 1169 1990 1723 1864 1732 1435 945 1095 911 1910 1483 1291 1178 1941 1656 1112 780 1590 809 875 1383 1579 1638 1991 1324 1049 1952 1869 1321 1688 1406 1618 870 1946 1344 1723 776 1488 1397 1659